
SUMMARISING RUN PARAMETERS
==========================
Input filename: DATA/POL2/2G1_R1_001.fastq.gz
Trimming mode: paired-end
Trim Galore version: 0.6.10
Cutadapt version: 4.9
Python version: could not detect
Number of cores used for trimming: 16
Quality Phred score cutoff: 20
Quality encoding type selected: ASCII+33
Using Nextera adapter for trimming (count: 702202). Second best hit was Illumina (count: 3)
Adapter sequence: 'CTGTCTCTTATA' (Nextera Transposase sequence; auto-detected)
Maximum trimming error rate: 0.1 (default)
Minimum required adapter overlap (stringency): 1 bp
Minimum required sequence length for both reads before a sequence pair gets removed: 20 bp
Running FastQC on the data once trimming has completed
Output file will be GZIP compressed


This is cutadapt 4.9 with Python 3.11.8
Command line parameters: -j 16 -e 0.1 -q 20 -O 1 -a CTGTCTCTTATA DATA/POL2/2G1_R1_001.fastq.gz
Processing single-end reads on 16 cores ...
Finished in 148.880 s (2.030 µs/read; 29.56 M reads/minute).

=== Summary ===

Total reads processed:              73,352,670
Reads with adapters:                60,557,662 (82.6%)
Reads written (passing filters):    73,352,670 (100.0%)

Total basepairs processed: 11,002,900,500 bp
Quality-trimmed:              81,540,628 bp (0.7%)
Total written (filtered):  7,470,734,519 bp (67.9%)

=== Adapter 1 ===

Sequence: CTGTCTCTTATA; Type: regular 3'; Length: 12; Trimmed: 60557662 times

Minimum overlap: 1
No. of allowed errors:
1-9 bp: 0; 10-12 bp: 1

Bases preceding removed adapters:
  A: 11.5%
  C: 42.8%
  G: 25.3%
  T: 20.4%
  none/other: 0.0%

Overview of removed sequences
length	count	expect	max.err	error counts
1	4921898	18338167.5	0	4921898
2	1357737	4584541.9	0	1357737
3	639667	1146135.5	0	639667
4	349675	286533.9	0	349675
5	291637	71633.5	0	291637
6	289134	17908.4	0	289134
7	268232	4477.1	0	268232
8	283401	1119.3	0	283401
9	287498	279.8	0	287241 257
10	277788	70.0	1	272787 5001
11	302395	17.5	1	295476 6919
12	289798	4.4	1	284657 5141
13	301021	4.4	1	291760 9261
14	304806	4.4	1	298058 6748
15	327109	4.4	1	315205 11904
16	365514	4.4	1	351775 13739
17	274137	4.4	1	270005 4132
18	329515	4.4	1	319792 9723
19	324618	4.4	1	317173 7445
20	309472	4.4	1	301095 8377
21	416015	4.4	1	400225 15790
22	267024	4.4	1	261509 5515
23	374469	4.4	1	364988 9481
24	313730	4.4	1	308467 5263
25	353440	4.4	1	344235 9205
26	359849	4.4	1	349324 10525
27	399924	4.4	1	381117 18807
28	429948	4.4	1	413726 16222
29	337370	4.4	1	326523 10847
30	320501	4.4	1	314282 6219
31	398039	4.4	1	386104 11935
32	368941	4.4	1	360406 8535
33	385191	4.4	1	375275 9916
34	381172	4.4	1	372243 8929
35	402415	4.4	1	392116 10299
36	409871	4.4	1	397530 12341
37	412243	4.4	1	397742 14501
38	445936	4.4	1	429443 16493
39	401343	4.4	1	388632 12711
40	439124	4.4	1	424264 14860
41	415405	4.4	1	406338 9067
42	461006	4.4	1	445590 15416
43	474838	4.4	1	459139 15699
44	833083	4.4	1	794264 38819
45	394236	4.4	1	382207 12029
46	1341378	4.4	1	1306943 34435
47	74063	4.4	1	68205 5858
48	1022659	4.4	1	1001937 20722
49	444397	4.4	1	432465 11932
50	135200	4.4	1	129104 6096
51	1198235	4.4	1	1184774 13461
52	213638	4.4	1	205612 8026
53	619539	4.4	1	609958 9581
54	155594	4.4	1	150908 4686
55	214314	4.4	1	209647 4667
56	755479	4.4	1	746105 9374
57	173608	4.4	1	167451 6157
58	435658	4.4	1	426919 8739
59	1006131	4.4	1	991148 14983
60	184888	4.4	1	177534 7354
61	575599	4.4	1	562916 12683
62	609795	4.4	1	599330 10465
63	253938	4.4	1	245953 7985
64	513093	4.4	1	501615 11478
65	1377891	4.4	1	1349637 28254
66	1077991	4.4	1	1057551 20440
67	2044710	4.4	1	2017781 26929
68	382856	4.4	1	374828 8028
69	66757	4.4	1	63620 3137
70	41479	4.4	1	38569 2910
71	25425	4.4	1	22804 2621
72	19178	4.4	1	16717 2461
73	63433	4.4	1	59237 4196
74	260937	4.4	1	253368 7569
75	439028	4.4	1	429457 9571
76	546617	4.4	1	535701 10916
77	569359	4.4	1	557666 11693
78	596618	4.4	1	584943 11675
79	630523	4.4	1	618247 12276
80	630737	4.4	1	619261 11476
81	654459	4.4	1	641920 12539
82	641225	4.4	1	630771 10454
83	634636	4.4	1	624543 10093
84	643347	4.4	1	634225 9122
85	656328	4.4	1	646229 10099
86	648914	4.4	1	638827 10087
87	644403	4.4	1	634140 10263
88	643337	4.4	1	634048 9289
89	666549	4.4	1	656636 9913
90	667764	4.4	1	657665 10099
91	703034	4.4	1	692079 10955
92	719170	4.4	1	707145 12025
93	696159	4.4	1	683915 12244
94	683872	4.4	1	672951 10921
95	672244	4.4	1	659378 12866
96	658255	4.4	1	644600 13655
97	654760	4.4	1	641241 13519
98	636525	4.4	1	622866 13659
99	645107	4.4	1	631056 14051
100	642132	4.4	1	627991 14141
101	638830	4.4	1	624944 13886
102	677713	4.4	1	663582 14131
103	660803	4.4	1	647510 13293
104	664268	4.4	1	651495 12773
105	605647	4.4	1	593652 11995
106	535696	4.4	1	525237 10459
107	500296	4.4	1	491571 8725
108	445945	4.4	1	439387 6558
109	392021	4.4	1	385856 6165
110	324774	4.4	1	320186 4588
111	270852	4.4	1	266929 3923
112	214326	4.4	1	211237 3089
113	151561	4.4	1	149257 2304
114	104324	4.4	1	102162 2162
115	45165	4.4	1	44388 777
116	25256	4.4	1	24781 475
117	21258	4.4	1	20724 534
118	18011	4.4	1	17324 687
119	13360	4.4	1	12745 615
120	9482	4.4	1	8971 511
121	8784	4.4	1	8321 463
122	5351	4.4	1	5195 156
123	3893	4.4	1	3452 441
124	2171	4.4	1	1891 280
125	941	4.4	1	156 785
126	270	4.4	1	84 186
127	610	4.4	1	52 558
128	291	4.4	1	20 271
129	529	4.4	1	45 484
130	317	4.4	1	45 272
131	509	4.4	1	25 484
132	275	4.4	1	107 168
133	323	4.4	1	14 309
134	113	4.4	1	13 100
135	166	4.4	1	20 146
136	441	4.4	1	13 428
137	1368	4.4	1	20 1348
138	438	4.4	1	60 378
139	120	4.4	1	9 111
140	411	4.4	1	13 398
141	383	4.4	1	17 366
142	1239	4.4	1	55 1184
143	277	4.4	1	151 126
144	56	4.4	1	12 44
145	189	4.4	1	32 157
146	377	4.4	1	342 35
147	804	4.4	1	146 658
148	168	4.4	1	23 145
149	321	4.4	1	162 159
150	3809	4.4	1	3702 107

RUN STATISTICS FOR INPUT FILE: DATA/POL2/2G1_R1_001.fastq.gz
=============================================
73352670 sequences processed in total

