
SUMMARISING RUN PARAMETERS
==========================
Input filename: DATA/POL2/2G1_R2_001.fastq.gz
Trimming mode: paired-end
Trim Galore version: 0.6.10
Cutadapt version: 4.9
Python version: could not detect
Number of cores used for trimming: 16
Quality Phred score cutoff: 20
Quality encoding type selected: ASCII+33
Using Nextera adapter for trimming (count: 702202). Second best hit was Illumina (count: 3)
Adapter sequence: 'CTGTCTCTTATA' (Nextera Transposase sequence; auto-detected)
Maximum trimming error rate: 0.1 (default)
Minimum required adapter overlap (stringency): 1 bp
Minimum required sequence length for both reads before a sequence pair gets removed: 20 bp
Running FastQC on the data once trimming has completed
Output file will be GZIP compressed


This is cutadapt 4.9 with Python 3.11.8
Command line parameters: -j 16 -e 0.1 -q 20 -O 1 -a CTGTCTCTTATA DATA/POL2/2G1_R2_001.fastq.gz
Processing single-end reads on 16 cores ...
Finished in 147.458 s (2.010 µs/read; 29.85 M reads/minute).

=== Summary ===

Total reads processed:              73,352,670
Reads with adapters:                60,295,243 (82.2%)
Reads written (passing filters):    73,352,670 (100.0%)

Total basepairs processed: 11,002,900,500 bp
Quality-trimmed:              35,784,013 bp (0.3%)
Total written (filtered):  7,486,280,858 bp (68.0%)

=== Adapter 1 ===

Sequence: CTGTCTCTTATA; Type: regular 3'; Length: 12; Trimmed: 60295243 times

Minimum overlap: 1
No. of allowed errors:
1-9 bp: 0; 10-12 bp: 1

Bases preceding removed adapters:
  A: 11.4%
  C: 42.9%
  G: 25.5%
  T: 20.2%
  none/other: 0.0%

Overview of removed sequences
length	count	expect	max.err	error counts
1	4956712	18338167.5	0	4956712
2	1355725	4584541.9	0	1355725
3	647345	1146135.5	0	647345
4	346598	286533.9	0	346598
5	289590	71633.5	0	289590
6	281729	17908.4	0	281729
7	270688	4477.1	0	270688
8	278600	1119.3	0	278600
9	290166	279.8	0	289818 348
10	270119	70.0	1	265604 4515
11	308822	17.5	1	298902 9920
12	288676	4.4	1	283331 5345
13	296610	4.4	1	287747 8863
14	299632	4.4	1	293617 6015
15	315362	4.4	1	305482 9880
16	310627	4.4	1	303295 7332
17	311156	4.4	1	303907 7249
18	313006	4.4	1	303887 9119
19	330077	4.4	1	319037 11040
20	323980	4.4	1	316396 7584
21	316405	4.4	1	309017 7388
22	340842	4.4	1	330508 10334
23	348713	4.4	1	341656 7057
24	353402	4.4	1	344433 8969
25	359444	4.4	1	348656 10788
26	346528	4.4	1	339406 7122
27	361438	4.4	1	352657 8781
28	353952	4.4	1	342042 11910
29	359489	4.4	1	350716 8773
30	359438	4.4	1	350361 9077
31	383326	4.4	1	372069 11257
32	375080	4.4	1	366514 8566
33	375971	4.4	1	365858 10113
34	383072	4.4	1	374632 8440
35	405009	4.4	1	394265 10744
36	391070	4.4	1	381937 9133
37	401775	4.4	1	389814 11961
38	405722	4.4	1	395350 10372
39	392865	4.4	1	383583 9282
40	390707	4.4	1	381994 8713
41	435453	4.4	1	424786 10667
42	432068	4.4	1	422212 9856
43	451722	4.4	1	439546 12176
44	451247	4.4	1	437685 13562
45	441691	4.4	1	432034 9657
46	448472	4.4	1	439711 8761
47	467081	4.4	1	455269 11812
48	465053	4.4	1	454617 10436
49	468991	4.4	1	458475 10516
50	481776	4.4	1	468178 13598
51	461951	4.4	1	450860 11091
52	490993	4.4	1	480379 10614
53	522712	4.4	1	511109 11603
54	458598	4.4	1	448449 10149
55	497207	4.4	1	487504 9703
56	520443	4.4	1	508566 11877
57	512048	4.4	1	501592 10456
58	509769	4.4	1	498209 11560
59	531483	4.4	1	518942 12541
60	511168	4.4	1	501557 9611
61	530123	4.4	1	519732 10391
62	572854	4.4	1	558511 14343
63	561851	4.4	1	549349 12502
64	565753	4.4	1	553602 12151
65	638526	4.4	1	623385 15141
66	667486	4.4	1	655215 12271
67	917385	4.4	1	907529 9856
68	180284	4.4	1	175715 4569
69	470790	4.4	1	464489 6301
70	566419	4.4	1	558837 7582
71	580817	4.4	1	572737 8080
72	573899	4.4	1	565755 8144
73	585302	4.4	1	576798 8504
74	604234	4.4	1	595724 8510
75	589791	4.4	1	580974 8817
76	614659	4.4	1	605289 9370
77	602178	4.4	1	593077 9101
78	615943	4.4	1	606260 9683
79	643218	4.4	1	633698 9520
80	637914	4.4	1	628423 9491
81	659432	4.4	1	649514 9918
82	643767	4.4	1	634499 9268
83	636064	4.4	1	627389 8675
84	644149	4.4	1	635355 8794
85	655760	4.4	1	647419 8341
86	648274	4.4	1	638993 9281
87	643331	4.4	1	634500 8831
88	641475	4.4	1	632673 8802
89	663908	4.4	1	654594 9314
90	664576	4.4	1	655619 8957
91	700133	4.4	1	690091 10042
92	716546	4.4	1	705823 10723
93	693215	4.4	1	682320 10895
94	681356	4.4	1	670614 10742
95	669584	4.4	1	659365 10219
96	655082	4.4	1	644547 10535
97	652204	4.4	1	642530 9674
98	634396	4.4	1	625157 9239
99	642155	4.4	1	632392 9763
100	639969	4.4	1	631654 8315
101	636245	4.4	1	627463 8782
102	674919	4.4	1	666048 8871
103	658978	4.4	1	650134 8844
104	660429	4.4	1	651511 8918
105	603263	4.4	1	595528 7735
106	534338	4.4	1	526752 7586
107	499050	4.4	1	492416 6634
108	444935	4.4	1	439241 5694
109	391573	4.4	1	385959 5614
110	324872	4.4	1	320172 4700
111	271176	4.4	1	267619 3557
112	215160	4.4	1	211800 3360
113	152345	4.4	1	149991 2354
114	105088	4.4	1	102907 2181
115	45411	4.4	1	44699 712
116	25413	4.4	1	24874 539
117	21501	4.4	1	21071 430
118	18055	4.4	1	17538 517
119	13594	4.4	1	12737 857
120	9592	4.4	1	9159 433
121	8764	4.4	1	8427 337
122	5688	4.4	1	5284 404
123	4227	4.4	1	3567 660
124	2199	4.4	1	1987 212
125	483	4.4	1	157 326
126	365	4.4	1	78 287
127	439	4.4	1	56 383
128	262	4.4	1	19 243
129	205	4.4	1	46 159
130	599	4.4	1	21 578
131	500	4.4	1	21 479
132	430	4.4	1	78 352
133	428	4.4	1	16 412
134	293	4.4	1	10 283
135	36	4.4	1	21 15
136	148	4.4	1	11 137
137	1304	4.4	1	10 1294
138	208	4.4	1	5 203
139	111	4.4	1	6 105
140	424	4.4	1	10 414
141	479	4.4	1	10 469
142	582	4.4	1	14 568
143	474	4.4	1	152 322
144	287	4.4	1	4 283
145	248	4.4	1	1 247
146	398	4.4	1	354 44
147	1226	4.4	1	142 1084
148	189	4.4	1	7 182
149	88	4.4	1	40 48
150	4026	4.4	1	3926 100

RUN STATISTICS FOR INPUT FILE: DATA/POL2/2G1_R2_001.fastq.gz
=============================================
73352670 sequences processed in total

Total number of sequences analysed for the sequence pair length validation: 73352670

Number of sequence pairs removed because at least one read was shorter than the length cutoff (20 bp): 34640 (0.05%)
