
SUMMARISING RUN PARAMETERS
==========================
Input filename: DATA/POL2/2G3_R2_001.fastq.gz
Trimming mode: paired-end
Trim Galore version: 0.6.10
Cutadapt version: 4.9
Python version: could not detect
Number of cores used for trimming: 16
Quality Phred score cutoff: 20
Quality encoding type selected: ASCII+33
Using Nextera adapter for trimming (count: 600130). Second best hit was Illumina (count: 1)
Adapter sequence: 'CTGTCTCTTATA' (Nextera Transposase sequence; auto-detected)
Maximum trimming error rate: 0.1 (default)
Minimum required adapter overlap (stringency): 1 bp
Minimum required sequence length for both reads before a sequence pair gets removed: 20 bp
Running FastQC on the data once trimming has completed
Output file will be GZIP compressed


This is cutadapt 4.9 with Python 3.11.8
Command line parameters: -j 16 -e 0.1 -q 20 -O 1 -a CTGTCTCTTATA DATA/POL2/2G3_R2_001.fastq.gz
Processing single-end reads on 16 cores ...
Finished in 316.428 s (2.959 µs/read; 20.28 M reads/minute).

=== Summary ===

Total reads processed:             106,941,040
Reads with adapters:                79,301,410 (74.2%)
Reads written (passing filters):   106,941,040 (100.0%)

Total basepairs processed: 16,041,156,000 bp
Quality-trimmed:              68,760,736 bp (0.4%)
Total written (filtered):  11,864,113,664 bp (74.0%)

=== Adapter 1 ===

Sequence: CTGTCTCTTATA; Type: regular 3'; Length: 12; Trimmed: 79301410 times

Minimum overlap: 1
No. of allowed errors:
1-9 bp: 0; 10-12 bp: 1

Bases preceding removed adapters:
  A: 13.9%
  C: 40.9%
  G: 23.2%
  T: 22.0%
  none/other: 0.1%

Overview of removed sequences
length	count	expect	max.err	error counts
1	9672410	26735260.0	0	9672410
2	3266872	6683815.0	0	3266872
3	1201486	1670953.8	0	1201486
4	607775	417738.4	0	607775
5	382804	104434.6	0	382804
6	298412	26108.7	0	298412
7	252857	6527.2	0	252857
8	210552	1631.8	0	210552
9	273272	407.9	0	271433 1839
10	287941	102.0	1	278686 9255
11	405194	25.5	1	389220 15974
12	438723	6.4	1	428651 10072
13	497434	6.4	1	479486 17948
14	478997	6.4	1	466009 12988
15	419496	6.4	1	402597 16899
16	354327	6.4	1	343906 10421
17	261783	6.4	1	253528 8255
18	258823	6.4	1	245337 13486
19	247647	6.4	1	232782 14865
20	313682	6.4	1	304096 9586
21	431669	6.4	1	418987 12682
22	522182	6.4	1	501919 20263
23	635709	6.4	1	621227 14482
24	605220	6.4	1	585771 19449
25	578810	6.4	1	559646 19164
26	423101	6.4	1	413107 9994
27	332834	6.4	1	322862 9972
28	272425	6.4	1	258118 14307
29	257721	6.4	1	249652 8069
30	317788	6.4	1	307262 10526
31	426606	6.4	1	409207 17399
32	604237	6.4	1	587528 16709
33	646004	6.4	1	624785 21219
34	708086	6.4	1	690368 17718
35	699636	6.4	1	678412 21224
36	575383	6.4	1	561210 14173
37	477107	6.4	1	460024 17083
38	323132	6.4	1	312620 10512
39	284431	6.4	1	276082 8349
40	269437	6.4	1	261081 8356
41	416380	6.4	1	399622 16758
42	549816	6.4	1	533956 15860
43	721566	6.4	1	699040 22526
44	830031	6.4	1	801124 28907
45	830881	6.4	1	810651 20230
46	766522	6.4	1	750417 16105
47	579378	6.4	1	561903 17475
48	406972	6.4	1	396625 10347
49	293544	6.4	1	285187 8357
50	295805	6.4	1	284723 11082
51	366397	6.4	1	355131 11266
52	541260	6.4	1	525169 16091
53	734714	6.4	1	713202 21512
54	960331	6.4	1	934853 25478
55	1033296	6.4	1	1012684 20612
56	993799	6.4	1	969303 24496
57	798680	6.4	1	781413 17267
58	574166	6.4	1	559403 14763
59	384469	6.4	1	372930 11539
60	297727	6.4	1	288122 9605
61	345603	6.4	1	336118 9485
62	569268	6.4	1	549465 19803
63	785681	6.4	1	765977 19704
64	1101650	6.4	1	1077099 24551
65	1337089	6.4	1	1305637 31452
66	1459218	6.4	1	1432345 26873
67	1520591	6.4	1	1501732 18859
68	245059	6.4	1	237221 7838
69	390988	6.4	1	382980 8008
70	326773	6.4	1	320629 6144
71	321618	6.4	1	311757 9861
72	440887	6.4	1	430886 10001
73	695444	6.4	1	680189 15255
74	1064716	6.4	1	1045369 19347
75	1382448	6.4	1	1359238 23210
76	1624492	6.4	1	1598157 26335
77	1413538	6.4	1	1390847 22691
78	1086848	6.4	1	1069606 17242
79	723253	6.4	1	711016 12237
80	395125	6.4	1	388224 6901
81	336885	6.4	1	331077 5808
82	374036	6.4	1	365714 8322
83	593969	6.4	1	578678 15291
84	981889	6.4	1	967582 14307
85	1284492	6.4	1	1264512 19980
86	1622459	6.4	1	1597850 24609
87	1494617	6.4	1	1469385 25232
88	1255518	6.4	1	1232642 22876
89	797490	6.4	1	784238 13252
90	517587	6.4	1	506908 10679
91	300090	6.4	1	292779 7311
92	253195	6.4	1	248322 4873
93	431646	6.4	1	420948 10698
94	644009	6.4	1	628426 15583
95	911844	6.4	1	896909 14935
96	1193328	6.4	1	1168942 24386
97	1213238	6.4	1	1188745 24493
98	1057211	6.4	1	1038795 18416
99	779412	6.4	1	765538 13874
100	429176	6.4	1	419291 9885
101	235735	6.4	1	229168 6567
102	161133	6.4	1	157818 3315
103	170317	6.4	1	164718 5599
104	282105	6.4	1	273866 8239
105	466076	6.4	1	455550 10526
106	548322	6.4	1	538005 10317
107	508737	6.4	1	496798 11939
108	415841	6.4	1	409356 6485
109	327524	6.4	1	318573 8951
110	178805	6.4	1	173963 4842
111	96482	6.4	1	94300 2182
112	40549	6.4	1	35688 4861
113	30052	6.4	1	25889 4163
114	39476	6.4	1	32892 6584
115	29960	6.4	1	27842 2118
116	23882	6.4	1	23073 809
117	28021	6.4	1	26560 1461
118	18032	6.4	1	13274 4758
119	13648	6.4	1	10955 2693
120	5037	6.4	1	4868 169
121	6383	6.4	1	5842 541
122	696	6.4	1	245 451
123	9499	6.4	1	1241 8258
124	1293	6.4	1	162 1131
125	1032	6.4	1	965 67
126	1193	6.4	1	127 1066
127	204	6.4	1	156 48
128	195	6.4	1	114 81
129	2794	6.4	1	223 2571
130	6929	6.4	1	96 6833
131	1745	6.4	1	149 1596
132	4733	6.4	1	59 4674
133	2425	6.4	1	123 2302
134	1588	6.4	1	78 1510
135	610	6.4	1	82 528
136	960	6.4	1	78 882
137	185	6.4	1	66 119
138	1578	6.4	1	50 1528
139	332	6.4	1	297 35
140	2094	6.4	1	206 1888
141	208	6.4	1	50 158
142	4198	6.4	1	101 4097
143	156	6.4	1	20 136
144	3574	6.4	1	21 3553
145	245	6.4	1	13 232
146	80	6.4	1	22 58
147	1728	6.4	1	26 1702
148	194	6.4	1	31 163
149	273	6.4	1	245 28
150	24433	6.4	1	22830 1603

RUN STATISTICS FOR INPUT FILE: DATA/POL2/2G3_R2_001.fastq.gz
=============================================
106941040 sequences processed in total

Total number of sequences analysed for the sequence pair length validation: 106941040

Number of sequence pairs removed because at least one read was shorter than the length cutoff (20 bp): 111723 (0.10%)
