
SUMMARISING RUN PARAMETERS
==========================
Input filename: DATA/POL2/2M1_R1_001.fastq.gz
Trimming mode: paired-end
Trim Galore version: 0.6.10
Cutadapt version: 4.9
Python version: could not detect
Number of cores used for trimming: 16
Quality Phred score cutoff: 20
Quality encoding type selected: ASCII+33
Using Nextera adapter for trimming (count: 607316). Second best hit was smallRNA (count: 0)
Adapter sequence: 'CTGTCTCTTATA' (Nextera Transposase sequence; auto-detected)
Maximum trimming error rate: 0.1 (default)
Minimum required adapter overlap (stringency): 1 bp
Minimum required sequence length for both reads before a sequence pair gets removed: 20 bp
Running FastQC on the data once trimming has completed
Output file will be GZIP compressed


This is cutadapt 4.9 with Python 3.11.8
Command line parameters: -j 16 -e 0.1 -q 20 -O 1 -a CTGTCTCTTATA DATA/POL2/2M1_R1_001.fastq.gz
Processing single-end reads on 16 cores ...
Finished in 151.372 s (2.691 µs/read; 22.30 M reads/minute).

=== Summary ===

Total reads processed:              56,257,751
Reads with adapters:                42,532,325 (75.6%)
Reads written (passing filters):    56,257,751 (100.0%)

Total basepairs processed: 8,438,662,650 bp
Quality-trimmed:              65,489,014 bp (0.8%)
Total written (filtered):  6,188,016,416 bp (73.3%)

=== Adapter 1 ===

Sequence: CTGTCTCTTATA; Type: regular 3'; Length: 12; Trimmed: 42532325 times

Minimum overlap: 1
No. of allowed errors:
1-9 bp: 0; 10-12 bp: 1

Bases preceding removed adapters:
  A: 13.0%
  C: 41.4%
  G: 24.7%
  T: 20.9%
  none/other: 0.0%

Overview of removed sequences
length	count	expect	max.err	error counts
1	4893541	14064437.8	0	4893541
2	1768616	3516109.4	0	1768616
3	634036	879027.4	0	634036
4	336432	219756.8	0	336432
5	203604	54939.2	0	203604
6	155217	13734.8	0	155217
7	128754	3433.7	0	128754
8	126666	858.4	0	126666
9	159780	214.6	0	159102 678
10	184552	53.7	1	178941 5611
11	232312	13.4	1	224312 8000
12	252405	3.4	1	246398 6007
13	306415	3.4	1	294938 11477
14	263953	3.4	1	255572 8381
15	253604	3.4	1	241122 12482
16	234928	3.4	1	222698 12230
17	127076	3.4	1	124349 2727
18	149052	3.4	1	141408 7644
19	146204	3.4	1	141288 4916
20	169760	3.4	1	162682 7078
21	332717	3.4	1	315198 17519
22	218621	3.4	1	213013 5608
23	398993	3.4	1	387728 11265
24	290149	3.4	1	284406 5743
25	370390	3.4	1	357909 12481
26	250451	3.4	1	241720 8731
27	211692	3.4	1	198688 13004
28	144554	3.4	1	139730 4824
29	189844	3.4	1	176606 13238
30	162009	3.4	1	157015 4994
31	258486	3.4	1	246650 11836
32	288123	3.4	1	279152 8971
33	383777	3.4	1	370365 13412
34	401134	3.4	1	389657 11477
35	402097	3.4	1	388759 13338
36	292676	3.4	1	284332 8344
37	235025	3.4	1	227101 7924
38	189528	3.4	1	180752 8776
39	159625	3.4	1	153161 6464
40	174922	3.4	1	168903 6019
41	221159	3.4	1	211949 9210
42	324416	3.4	1	310631 13785
43	428467	3.4	1	414291 14176
44	927681	3.4	1	889768 37913
45	346742	3.4	1	336759 9983
46	873255	3.4	1	850712 22543
47	45333	3.4	1	41140 4193
48	692403	3.4	1	676837 15566
49	201805	3.4	1	194499 7306
50	60908	3.4	1	56213 4695
51	604416	3.4	1	595838 8578
52	121687	3.4	1	115049 6638
53	533468	3.4	1	524094 9374
54	121231	3.4	1	115735 5496
55	188406	3.4	1	183478 4928
56	580335	3.4	1	570293 10042
57	162057	3.4	1	155690 6367
58	233003	3.4	1	226780 6223
59	338764	3.4	1	331466 7298
60	77437	3.4	1	73538 3899
61	199169	3.4	1	192747 6422
62	395461	3.4	1	387300 8161
63	237090	3.4	1	229273 7817
64	483441	3.4	1	471343 12098
65	900611	3.4	1	876317 24294
66	899499	3.4	1	879118 20381
67	1569606	3.4	1	1544399 25207
68	443945	3.4	1	434053 9892
69	67452	3.4	1	64930 2522
70	20569	3.4	1	18837 1732
71	10337	3.4	1	8957 1380
72	10147	3.4	1	8179 1968
73	26731	3.4	1	23515 3216
74	154777	3.4	1	147544 7233
75	434400	3.4	1	422703 11697
76	617817	3.4	1	603321 14496
77	630094	3.4	1	616103 13991
78	514358	3.4	1	502539 11819
79	321276	3.4	1	313855 7421
80	204586	3.4	1	199957 4629
81	159202	3.4	1	154908 4294
82	186525	3.4	1	182064 4461
83	324284	3.4	1	317672 6612
84	472445	3.4	1	463867 8578
85	685169	3.4	1	672189 12980
86	780622	3.4	1	767403 13219
87	765689	3.4	1	752202 13487
88	632922	3.4	1	622836 10086
89	434551	3.4	1	426591 7960
90	267589	3.4	1	261996 5593
91	145665	3.4	1	140183 5482
92	127988	3.4	1	124061 3927
93	217519	3.4	1	210056 7463
94	372359	3.4	1	364931 7428
95	551745	3.4	1	539324 12421
96	716278	3.4	1	699531 16747
97	711465	3.4	1	694671 16794
98	593139	3.4	1	579596 13543
99	468177	3.4	1	456939 11238
100	248868	3.4	1	242320 6548
101	129143	3.4	1	124560 4583
102	88778	3.4	1	85730 3048
103	116293	3.4	1	112742 3551
104	187913	3.4	1	182976 4937
105	260367	3.4	1	254283 6084
106	349720	3.4	1	341584 8136
107	325378	3.4	1	318015 7363
108	296583	3.4	1	291204 5379
109	221419	3.4	1	216129 5290
110	121556	3.4	1	118709 2847
111	58490	3.4	1	56941 1549
112	28749	3.4	1	27460 1289
113	21827	3.4	1	20923 904
114	24318	3.4	1	22779 1539
115	23641	3.4	1	23052 589
116	22025	3.4	1	20851 1174
117	26115	3.4	1	25107 1008
118	15508	3.4	1	14468 1040
119	11577	3.4	1	10397 1180
120	5056	3.4	1	4026 1030
121	2027	3.4	1	1529 498
122	1321	3.4	1	1038 283
123	2867	3.4	1	818 2049
124	1336	3.4	1	153 1183
125	707	3.4	1	361 346
126	1086	3.4	1	86 1000
127	696	3.4	1	132 564
128	723	3.4	1	54 669
129	960	3.4	1	365 595
130	1791	3.4	1	49 1742
131	602	3.4	1	89 513
132	1128	3.4	1	44 1084
133	2510	3.4	1	38 2472
134	413	3.4	1	32 381
135	396	3.4	1	36 360
136	348	3.4	1	96 252
137	622	3.4	1	22 600
138	729	3.4	1	12 717
139	385	3.4	1	6 379
140	1309	3.4	1	13 1296
141	272	3.4	1	34 238
142	1875	3.4	1	14 1861
143	543	3.4	1	6 537
144	306	3.4	1	3 303
145	100	3.4	1	7 93
146	289	3.4	1	10 279
147	1132	3.4	1	26 1106
148	338	3.4	1	23 315
149	158	3.4	1	115 43
150	2640	3.4	1	1919 721

RUN STATISTICS FOR INPUT FILE: DATA/POL2/2M1_R1_001.fastq.gz
=============================================
56257751 sequences processed in total

