
SUMMARISING RUN PARAMETERS
==========================
Input filename: DATA/POL2/2M1_R2_001.fastq.gz
Trimming mode: paired-end
Trim Galore version: 0.6.10
Cutadapt version: 4.9
Python version: could not detect
Number of cores used for trimming: 16
Quality Phred score cutoff: 20
Quality encoding type selected: ASCII+33
Using Nextera adapter for trimming (count: 607316). Second best hit was smallRNA (count: 0)
Adapter sequence: 'CTGTCTCTTATA' (Nextera Transposase sequence; auto-detected)
Maximum trimming error rate: 0.1 (default)
Minimum required adapter overlap (stringency): 1 bp
Minimum required sequence length for both reads before a sequence pair gets removed: 20 bp
Running FastQC on the data once trimming has completed
Output file will be GZIP compressed


This is cutadapt 4.9 with Python 3.11.8
Command line parameters: -j 16 -e 0.1 -q 20 -O 1 -a CTGTCTCTTATA DATA/POL2/2M1_R2_001.fastq.gz
Processing single-end reads on 16 cores ...
Finished in 149.193 s (2.652 µs/read; 22.62 M reads/minute).

=== Summary ===

Total reads processed:              56,257,751
Reads with adapters:                42,343,910 (75.3%)
Reads written (passing filters):    56,257,751 (100.0%)

Total basepairs processed: 8,438,662,650 bp
Quality-trimmed:              35,225,085 bp (0.4%)
Total written (filtered):  6,196,738,517 bp (73.4%)

=== Adapter 1 ===

Sequence: CTGTCTCTTATA; Type: regular 3'; Length: 12; Trimmed: 42343910 times

Minimum overlap: 1
No. of allowed errors:
1-9 bp: 0; 10-12 bp: 1

Bases preceding removed adapters:
  A: 12.9%
  C: 41.6%
  G: 24.6%
  T: 20.9%
  none/other: 0.0%

Overview of removed sequences
length	count	expect	max.err	error counts
1	4902382	14064437.8	0	4902382
2	1759170	3516109.4	0	1759170
3	655239	879027.4	0	655239
4	340611	219756.8	0	340611
5	205680	54939.2	0	205680
6	150505	13734.8	0	150505
7	129843	3433.7	0	129843
8	124312	858.4	0	124312
9	159503	214.6	0	158933 570
10	179083	53.7	1	173734 5349
11	239350	13.4	1	228935 10415
12	252331	3.4	1	246817 5514
13	303047	3.4	1	292166 10881
14	258316	3.4	1	251491 6825
15	242614	3.4	1	233395 9219
16	191887	3.4	1	185663 6224
17	155831	3.4	1	150828 5003
18	136190	3.4	1	130413 5777
19	149889	3.4	1	142356 7533
20	177208	3.4	1	172080 5128
21	229374	3.4	1	223174 6200
22	299306	3.4	1	287319 11987
23	372167	3.4	1	363973 8194
24	336347	3.4	1	325743 10604
25	373620	3.4	1	360758 12862
26	245064	3.4	1	239503 5561
27	193387	3.4	1	187016 6371
28	151671	3.4	1	144190 7481
29	137419	3.4	1	132604 4815
30	180038	3.4	1	174049 5989
31	237226	3.4	1	227474 9752
32	291848	3.4	1	284069 7779
33	358086	3.4	1	346951 11135
34	409292	3.4	1	398673 10619
35	385823	3.4	1	373579 12244
36	298021	3.4	1	290299 7722
37	236682	3.4	1	228041 8641
38	170086	3.4	1	164627 5459
39	153544	3.4	1	148968 4576
40	167345	3.4	1	162602 4743
41	211761	3.4	1	205188 6573
42	293361	3.4	1	285366 7995
43	407889	3.4	1	395310 12579
44	467059	3.4	1	450718 16341
45	459364	3.4	1	448315 11049
46	396253	3.4	1	387641 8612
47	312263	3.4	1	303136 9127
48	212516	3.4	1	206475 6041
49	152018	3.4	1	147755 4263
50	164757	3.4	1	157841 6916
51	213620	3.4	1	205920 7700
52	300205	3.4	1	291927 8278
53	427275	3.4	1	415801 11474
54	490715	3.4	1	478739 11976
55	519910	3.4	1	509645 10265
56	495581	3.4	1	483294 12287
57	413819	3.4	1	404328 9491
58	273307	3.4	1	266283 7024
59	189129	3.4	1	182788 6341
60	156024	3.4	1	151508 4516
61	175669	3.4	1	170885 4784
62	290953	3.4	1	281670 9283
63	423337	3.4	1	411567 11770
64	537306	3.4	1	524882 12424
65	700784	3.4	1	684763 16021
66	706283	3.4	1	693537 12746
67	735135	3.4	1	726365 8770
68	117517	3.4	1	114257 3260
69	206064	3.4	1	202364 3700
70	156700	3.4	1	154284 2416
71	155350	3.4	1	152108 3242
72	242104	3.4	1	237568 4536
73	373534	3.4	1	366389 7145
74	563155	3.4	1	553315 9840
75	718815	3.4	1	706741 12074
76	758834	3.4	1	746726 12108
77	694252	3.4	1	683243 11009
78	544233	3.4	1	535840 8393
79	333202	3.4	1	327243 5959
80	208630	3.4	1	205091 3539
81	160663	3.4	1	157018 3645
82	186991	3.4	1	183146 3845
83	323980	3.4	1	318572 5408
84	472220	3.4	1	463928 8292
85	685535	3.4	1	674370 11165
86	779580	3.4	1	767568 12012
87	766827	3.4	1	756080 10747
88	634380	3.4	1	624652 9728
89	435455	3.4	1	428089 7366
90	267013	3.4	1	262124 4889
91	144214	3.4	1	139455 4759
92	125755	3.4	1	122829 2926
93	214685	3.4	1	208883 5802
94	370193	3.4	1	363807 6386
95	549316	3.4	1	539760 9556
96	714596	3.4	1	703307 11289
97	707778	3.4	1	696113 11665
98	591009	3.4	1	581380 9629
99	467211	3.4	1	457872 9339
100	248969	3.4	1	244427 4542
101	128274	3.4	1	124338 3936
102	88550	3.4	1	86346 2204
103	114511	3.4	1	112433 2078
104	187250	3.4	1	183591 3659
105	259154	3.4	1	254846 4308
106	349130	3.4	1	343557 5573
107	324056	3.4	1	318643 5413
108	296361	3.4	1	291602 4759
109	220946	3.4	1	216577 4369
110	121924	3.4	1	119148 2776
111	58760	3.4	1	56753 2007
112	28975	3.4	1	26938 2037
113	22301	3.4	1	20774 1527
114	25121	3.4	1	22882 2239
115	24149	3.4	1	22912 1237
116	21905	3.4	1	20324 1581
117	26459	3.4	1	25573 886
118	16141	3.4	1	14931 1210
119	11999	3.4	1	10768 1231
120	4420	3.4	1	4127 293
121	2365	3.4	1	1547 818
122	1413	3.4	1	963 450
123	2526	3.4	1	871 1655
124	359	3.4	1	117 242
125	970	3.4	1	373 597
126	1160	3.4	1	97 1063
127	899	3.4	1	143 756
128	408	3.4	1	66 342
129	1050	3.4	1	116 934
130	2158	3.4	1	50 2108
131	885	3.4	1	102 783
132	1026	3.4	1	37 989
133	1578	3.4	1	45 1533
134	515	3.4	1	35 480
135	521	3.4	1	77 444
136	613	3.4	1	310 303
137	43	3.4	1	16 27
138	1048	3.4	1	15 1033
139	217	3.4	1	8 209
140	959	3.4	1	11 948
141	402	3.4	1	33 369
142	1959	3.4	1	12 1947
143	1302	3.4	1	2 1300
144	836	3.4	1	3 833
145	11	3.4	1	1 10
146	212	3.4	1	5 207
147	578	3.4	1	9 569
148	560	3.4	1	4 556
149	136	3.4	1	23 113
150	2425	3.4	1	1817 608

RUN STATISTICS FOR INPUT FILE: DATA/POL2/2M1_R2_001.fastq.gz
=============================================
56257751 sequences processed in total

Total number of sequences analysed for the sequence pair length validation: 56257751

Number of sequence pairs removed because at least one read was shorter than the length cutoff (20 bp): 44768 (0.08%)
