
SUMMARISING RUN PARAMETERS
==========================
Input filename: DATA/POL2/2M2_R2_001.fastq.gz
Trimming mode: paired-end
Trim Galore version: 0.6.10
Cutadapt version: 4.9
Python version: could not detect
Number of cores used for trimming: 16
Quality Phred score cutoff: 20
Quality encoding type selected: ASCII+33
Using Nextera adapter for trimming (count: 569524). Second best hit was Illumina (count: 1)
Adapter sequence: 'CTGTCTCTTATA' (Nextera Transposase sequence; auto-detected)
Maximum trimming error rate: 0.1 (default)
Minimum required adapter overlap (stringency): 1 bp
Minimum required sequence length for both reads before a sequence pair gets removed: 20 bp
Running FastQC on the data once trimming has completed
Output file will be GZIP compressed


This is cutadapt 4.9 with Python 3.11.8
Command line parameters: -j 16 -e 0.1 -q 20 -O 1 -a CTGTCTCTTATA DATA/POL2/2M2_R2_001.fastq.gz
Processing single-end reads on 16 cores ...
Finished in 265.000 s (3.458 µs/read; 17.35 M reads/minute).

=== Summary ===

Total reads processed:              76,643,255
Reads with adapters:                55,542,619 (72.5%)
Reads written (passing filters):    76,643,255 (100.0%)

Total basepairs processed: 11,496,488,250 bp
Quality-trimmed:              50,530,036 bp (0.4%)
Total written (filtered):  8,744,258,088 bp (76.1%)

=== Adapter 1 ===

Sequence: CTGTCTCTTATA; Type: regular 3'; Length: 12; Trimmed: 55542619 times

Minimum overlap: 1
No. of allowed errors:
1-9 bp: 0; 10-12 bp: 1

Bases preceding removed adapters:
  A: 14.4%
  C: 39.6%
  G: 23.7%
  T: 22.2%
  none/other: 0.0%

Overview of removed sequences
length	count	expect	max.err	error counts
1	7298282	19160813.8	0	7298282
2	2607738	4790203.4	0	2607738
3	926214	1197550.9	0	926214
4	442652	299387.7	0	442652
5	279321	74846.9	0	279321
6	241793	18711.7	0	241793
7	196353	4677.9	0	196353
8	200680	1169.5	0	200680
9	263341	292.4	0	262107 1234
10	240274	73.1	1	232399 7875
11	326468	18.3	1	312757 13711
12	328840	4.6	1	320944 7896
13	354818	4.6	1	339942 14876
14	321074	4.6	1	311559 9515
15	309733	4.6	1	296418 13315
16	259099	4.6	1	249756 9343
17	223046	4.6	1	214865 8181
18	222149	4.6	1	211728 10421
19	254388	4.6	1	241687 12701
20	258761	4.6	1	251031 7730
21	343267	4.6	1	334128 9139
22	391302	4.6	1	374319 16983
23	451852	4.6	1	440997 10855
24	423558	4.6	1	410111 13447
25	409587	4.6	1	393827 15760
26	316062	4.6	1	307600 8462
27	247906	4.6	1	239305 8601
28	236116	4.6	1	225283 10833
29	230086	4.6	1	223039 7047
30	262219	4.6	1	253434 8785
31	358507	4.6	1	344157 14350
32	431930	4.6	1	419571 12359
33	478470	4.6	1	463952 14518
34	532064	4.6	1	517194 14870
35	482123	4.6	1	466909 15214
36	379961	4.6	1	368751 11210
37	304827	4.6	1	293608 11219
38	238413	4.6	1	230216 8197
39	235078	4.6	1	227383 7695
40	263113	4.6	1	255675 7438
41	338812	4.6	1	328476 10336
42	444432	4.6	1	431867 12565
43	545676	4.6	1	527512 18164
44	598265	4.6	1	575824 22441
45	583150	4.6	1	568512 14638
46	499504	4.6	1	488386 11118
47	379807	4.6	1	366673 13134
48	288241	4.6	1	279282 8959
49	226232	4.6	1	219266 6966
50	247259	4.6	1	237241 10018
51	331876	4.6	1	321309 10567
52	439069	4.6	1	427199 11870
53	619109	4.6	1	601542 17567
54	678503	4.6	1	661963 16540
55	703995	4.6	1	689037 14958
56	673691	4.6	1	656545 17146
57	523580	4.6	1	510665 12915
58	368313	4.6	1	358370 9943
59	271898	4.6	1	263152 8746
60	232348	4.6	1	226056 6292
61	287710	4.6	1	279767 7943
62	451623	4.6	1	438240 13383
63	632511	4.6	1	616726 15785
64	763317	4.6	1	745879 17438
65	904515	4.6	1	882511 22004
66	908057	4.6	1	890850 17207
67	979555	4.6	1	967755 11800
68	164070	4.6	1	158496 5574
69	268188	4.6	1	263694 4494
70	218703	4.6	1	215110 3593
71	242130	4.6	1	237394 4736
72	366557	4.6	1	359710 6847
73	559958	4.6	1	549101 10857
74	754974	4.6	1	740795 14179
75	973131	4.6	1	957441 15690
76	982443	4.6	1	967005 15438
77	869846	4.6	1	854901 14945
78	660714	4.6	1	649346 11368
79	428329	4.6	1	419986 8343
80	267153	4.6	1	261324 5829
81	238980	4.6	1	234108 4872
82	288302	4.6	1	282012 6290
83	457341	4.6	1	448372 8969
84	658715	4.6	1	648545 10170
85	889507	4.6	1	875826 13681
86	991044	4.6	1	975150 15894
87	927293	4.6	1	913208 14085
88	753499	4.6	1	739687 13812
89	500780	4.6	1	490893 9887
90	314841	4.6	1	309737 5104
91	189447	4.6	1	182262 7185
92	184318	4.6	1	180129 4189
93	282549	4.6	1	271660 10889
94	432592	4.6	1	423997 8595
95	589477	4.6	1	578254 11223
96	736250	4.6	1	722625 13625
97	738173	4.6	1	726065 12108
98	608454	4.6	1	596885 11569
99	422394	4.6	1	413366 9028
100	255534	4.6	1	250883 4651
101	127531	4.6	1	123552 3979
102	74892	4.6	1	71872 3020
103	117212	4.6	1	114004 3208
104	157230	4.6	1	153789 3441
105	208478	4.6	1	203688 4790
106	267233	4.6	1	262564 4669
107	261777	4.6	1	257161 4616
108	198173	4.6	1	193903 4270
109	147127	4.6	1	141851 5276
110	86887	4.6	1	84311 2576
111	38826	4.6	1	36264 2562
112	23059	4.6	1	21462 1597
113	13024	4.6	1	11013 2011
114	13859	4.6	1	9179 4680
115	12111	4.6	1	11089 1022
116	11880	4.6	1	10985 895
117	11155	4.6	1	10524 631
118	9112	4.6	1	7022 2090
119	6022	4.6	1	4207 1815
120	3896	4.6	1	2367 1529
121	3927	4.6	1	3409 518
122	1033	4.6	1	760 273
123	3670	4.6	1	893 2777
124	475	4.6	1	114 361
125	1239	4.6	1	125 1114
126	3721	4.6	1	69 3652
127	599	4.6	1	105 494
128	792	4.6	1	255 537
129	674	4.6	1	514 160
130	3677	4.6	1	87 3590
131	1060	4.6	1	94 966
132	1875	4.6	1	41 1834
133	1600	4.6	1	29 1571
134	935	4.6	1	34 901
135	526	4.6	1	38 488
136	932	4.6	1	28 904
137	137	4.6	1	28 109
138	726	4.6	1	23 703
139	663	4.6	1	14 649
140	3393	4.6	1	9 3384
141	317	4.6	1	155 162
142	3754	4.6	1	20 3734
143	1089	4.6	1	152 937
144	1652	4.6	1	32 1620
145	80	4.6	1	63 17
146	216	4.6	1	169 47
147	1797	4.6	1	6 1791
148	594	4.6	1	2 592
149	317	4.6	1	195 122
150	3466	4.6	1	3213 253

RUN STATISTICS FOR INPUT FILE: DATA/POL2/2M2_R2_001.fastq.gz
=============================================
76643255 sequences processed in total

Total number of sequences analysed for the sequence pair length validation: 76643255

Number of sequence pairs removed because at least one read was shorter than the length cutoff (20 bp): 69466 (0.09%)
