
SUMMARISING RUN PARAMETERS
==========================
Input filename: DATA/POL2/2M2_R1_001.fastq.gz
Trimming mode: paired-end
Trim Galore version: 0.6.10
Cutadapt version: 4.9
Python version: could not detect
Number of cores used for trimming: 16
Quality Phred score cutoff: 20
Quality encoding type selected: ASCII+33
Using Nextera adapter for trimming (count: 569524). Second best hit was Illumina (count: 1)
Adapter sequence: 'CTGTCTCTTATA' (Nextera Transposase sequence; auto-detected)
Maximum trimming error rate: 0.1 (default)
Minimum required adapter overlap (stringency): 1 bp
Minimum required sequence length for both reads before a sequence pair gets removed: 20 bp
Running FastQC on the data once trimming has completed
Output file will be GZIP compressed


This is cutadapt 4.9 with Python 3.11.8
Command line parameters: -j 16 -e 0.1 -q 20 -O 1 -a CTGTCTCTTATA DATA/POL2/2M2_R1_001.fastq.gz
Processing single-end reads on 16 cores ...
Finished in 191.344 s (2.497 µs/read; 24.03 M reads/minute).

=== Summary ===

Total reads processed:              76,643,255
Reads with adapters:                55,670,054 (72.6%)
Reads written (passing filters):    76,643,255 (100.0%)

Total basepairs processed: 11,496,488,250 bp
Quality-trimmed:              85,174,157 bp (0.7%)
Total written (filtered):  8,734,626,925 bp (76.0%)

=== Adapter 1 ===

Sequence: CTGTCTCTTATA; Type: regular 3'; Length: 12; Trimmed: 55670054 times

Minimum overlap: 1
No. of allowed errors:
1-9 bp: 0; 10-12 bp: 1

Bases preceding removed adapters:
  A: 14.2%
  C: 39.3%
  G: 23.9%
  T: 22.5%
  none/other: 0.0%

Overview of removed sequences
length	count	expect	max.err	error counts
1	7173586	19160813.8	0	7173586
2	2586888	4790203.4	0	2586888
3	884067	1197550.9	0	884067
4	442723	299387.7	0	442723
5	281322	74846.9	0	281322
6	250036	18711.7	0	250036
7	196021	4677.9	0	196021
8	204648	1169.5	0	204648
9	258104	292.4	0	255668 2436
10	250627	73.1	1	241895 8732
11	314525	18.3	1	305490 9035
12	330130	4.6	1	322255 7875
13	359878	4.6	1	346286 13592
14	328988	4.6	1	318329 10659
15	322777	4.6	1	306413 16364
16	320661	4.6	1	303446 17215
17	187262	4.6	1	183160 4102
18	243875	4.6	1	231466 12409
19	246900	4.6	1	239455 7445
20	243579	4.6	1	234174 9405
21	473804	4.6	1	449971 23833
22	289400	4.6	1	282399 7001
23	482524	4.6	1	468082 14442
24	368507	4.6	1	361142 7365
25	405633	4.6	1	390554 15079
26	324661	4.6	1	312679 11982
27	276288	4.6	1	260122 16166
28	225465	4.6	1	217133 8332
29	302279	4.6	1	282558 19721
30	239767	4.6	1	232588 7179
31	380370	4.6	1	365259 15111
32	424881	4.6	1	412886 11995
33	575294	4.6	1	553966 21328
34	483432	4.6	1	470813 12619
35	453357	4.6	1	443057 10300
36	400712	4.6	1	385739 14973
37	301186	4.6	1	289937 11249
38	243384	4.6	1	234445 8939
39	246379	4.6	1	236797 9582
40	290414	4.6	1	275063 15351
41	351861	4.6	1	339157 12704
42	508041	4.6	1	484358 23683
43	557644	4.6	1	540445 17199
44	1152947	4.6	1	1108907 44040
45	417078	4.6	1	404520 12558
46	1099533	4.6	1	1069992 29541
47	67033	4.6	1	61623 5410
48	1125123	4.6	1	1105455 19668
49	274904	4.6	1	265273 9631
50	159130	4.6	1	150706 8424
51	349732	4.6	1	341545 8187
52	182015	4.6	1	172541 9474
53	604443	4.6	1	592975 11468
54	377351	4.6	1	367776 9575
55	368786	4.6	1	360558 8228
56	649090	4.6	1	637734 11356
57	361688	4.6	1	352228 9460
58	322130	4.6	1	314019 8111
59	353626	4.6	1	344058 9568
60	181931	4.6	1	175079 6852
61	268572	4.6	1	260255 8317
62	521055	4.6	1	509325 11730
63	524559	4.6	1	508899 15660
64	698931	4.6	1	681562 17369
65	895287	4.6	1	870942 24345
66	1008969	4.6	1	983148 25821
67	1621947	4.6	1	1588557 33390
68	1719598	4.6	1	1691442 28156
69	639668	4.6	1	628049 11619
70	142333	4.6	1	138253 4080
71	50438	4.6	1	47832 2606
72	28908	4.6	1	26426 2482
73	34385	4.6	1	30066 4319
74	98717	4.6	1	91423 7294
75	366753	4.6	1	354850 11903
76	654734	4.6	1	639470 15264
77	729312	4.6	1	712747 16565
78	604295	4.6	1	591606 12689
79	408364	4.6	1	398900 9464
80	259597	4.6	1	253466 6131
81	234822	4.6	1	229177 5645
82	287904	4.6	1	281250 6654
83	458161	4.6	1	447084 11077
84	657890	4.6	1	646380 11510
85	887408	4.6	1	871827 15581
86	987514	4.6	1	970476 17038
87	924447	4.6	1	909209 15238
88	752965	4.6	1	740146 12819
89	501230	4.6	1	491236 9994
90	316237	4.6	1	310683 5554
91	189082	4.6	1	183679 5403
92	185452	4.6	1	181058 4394
93	280697	4.6	1	272934 7763
94	435834	4.6	1	426697 9137
95	592134	4.6	1	578822 13312
96	740612	4.6	1	722333 18279
97	740934	4.6	1	724301 16633
98	613701	4.6	1	599302 14399
99	425607	4.6	1	413331 12276
100	258637	4.6	1	250653 7984
101	127948	4.6	1	123194 4754
102	74758	4.6	1	71774 2984
103	118373	4.6	1	114548 3825
104	158911	4.6	1	154497 4414
105	209803	4.6	1	203794 6009
106	269305	4.6	1	262230 7075
107	262860	4.6	1	256549 6311
108	198924	4.6	1	194708 4216
109	147022	4.6	1	142697 4325
110	86603	4.6	1	83948 2655
111	38507	4.6	1	36758 1749
112	23278	4.6	1	21350 1928
113	12479	4.6	1	11110 1369
114	12945	4.6	1	9202 3743
115	12978	4.6	1	11551 1427
116	12757	4.6	1	11126 1631
117	11841	4.6	1	10526 1315
118	8780	4.6	1	6740 2040
119	6485	4.6	1	4164 2321
120	3750	4.6	1	2323 1427
121	4075	4.6	1	3325 750
122	1424	4.6	1	707 717
123	3824	4.6	1	867 2957
124	1393	4.6	1	88 1305
125	702	4.6	1	115 587
126	1010	4.6	1	59 951
127	734	4.6	1	91 643
128	1228	4.6	1	248 980
129	2258	4.6	1	448 1810
130	4679	4.6	1	92 4587
131	1080	4.6	1	71 1009
132	1538	4.6	1	35 1503
133	2387	4.6	1	24 2363
134	1535	4.6	1	34 1501
135	85	4.6	1	34 51
136	342	4.6	1	26 316
137	794	4.6	1	25 769
138	2291	4.6	1	19 2272
139	422	4.6	1	26 396
140	858	4.6	1	19 839
141	1222	4.6	1	144 1078
142	2863	4.6	1	26 2837
143	1403	4.6	1	144 1259
144	1312	4.6	1	17 1295
145	202	4.6	1	69 133
146	630	4.6	1	162 468
147	1084	4.6	1	17 1067
148	535	4.6	1	27 508
149	590	4.6	1	294 296
150	3137	4.6	1	2625 512

RUN STATISTICS FOR INPUT FILE: DATA/POL2/2M2_R1_001.fastq.gz
=============================================
76643255 sequences processed in total

