
SUMMARISING RUN PARAMETERS
==========================
Input filename: DATA/POL2/2M3_R2_001.fastq.gz
Trimming mode: paired-end
Trim Galore version: 0.6.10
Cutadapt version: 4.9
Python version: could not detect
Number of cores used for trimming: 16
Quality Phred score cutoff: 20
Quality encoding type selected: ASCII+33
Using Nextera adapter for trimming (count: 570112). Second best hit was Illumina (count: 4)
Adapter sequence: 'CTGTCTCTTATA' (Nextera Transposase sequence; auto-detected)
Maximum trimming error rate: 0.1 (default)
Minimum required adapter overlap (stringency): 1 bp
Minimum required sequence length for both reads before a sequence pair gets removed: 20 bp
Running FastQC on the data once trimming has completed
Output file will be GZIP compressed


This is cutadapt 4.9 with Python 3.11.8
Command line parameters: -j 16 -e 0.1 -q 20 -O 1 -a CTGTCTCTTATA DATA/POL2/2M3_R2_001.fastq.gz
Processing single-end reads on 16 cores ...
Finished in 282.059 s (3.323 µs/read; 18.06 M reads/minute).

=== Summary ===

Total reads processed:              84,892,446
Reads with adapters:                60,948,332 (71.8%)
Reads written (passing filters):    84,892,446 (100.0%)

Total basepairs processed: 12,733,866,900 bp
Quality-trimmed:              56,660,966 bp (0.4%)
Total written (filtered):  9,698,372,119 bp (76.2%)

=== Adapter 1 ===

Sequence: CTGTCTCTTATA; Type: regular 3'; Length: 12; Trimmed: 60948332 times

Minimum overlap: 1
No. of allowed errors:
1-9 bp: 0; 10-12 bp: 1

Bases preceding removed adapters:
  A: 13.5%
  C: 41.1%
  G: 24.0%
  T: 21.3%
  none/other: 0.0%

Overview of removed sequences
length	count	expect	max.err	error counts
1	8150000	21223111.5	0	8150000
2	2952237	5305777.9	0	2952237
3	1063467	1326444.5	0	1063467
4	532721	331611.1	0	532721
5	316555	82902.8	0	316555
6	235344	20725.7	0	235344
7	197245	5181.4	0	197245
8	193345	1295.4	0	193345
9	245552	323.8	0	244350 1202
10	251339	81.0	1	242984 8355
11	357814	20.2	1	343150 14664
12	367044	5.1	1	357561 9483
13	457591	5.1	1	440859 16732
14	411779	5.1	1	400503 11276
15	383828	5.1	1	367194 16634
16	276299	5.1	1	266739 9560
17	233937	5.1	1	226025 7912
18	209950	5.1	1	199240 10710
19	226861	5.1	1	214331 12530
20	264689	5.1	1	256546 8143
21	346346	5.1	1	335147 11199
22	451380	5.1	1	432553 18827
23	555332	5.1	1	542088 13244
24	517695	5.1	1	500396 17299
25	563645	5.1	1	543526 20119
26	366933	5.1	1	357131 9802
27	276099	5.1	1	266030 10069
28	211970	5.1	1	200774 11196
29	201593	5.1	1	195154 6439
30	251406	5.1	1	242306 9100
31	352077	5.1	1	337530 14547
32	460834	5.1	1	447549 13285
33	541929	5.1	1	523870 18059
34	582672	5.1	1	566815 15857
35	569789	5.1	1	552169 17620
36	468228	5.1	1	455498 12730
37	357770	5.1	1	344182 13588
38	241712	5.1	1	233294 8418
39	211621	5.1	1	204812 6809
40	218155	5.1	1	211754 6401
41	309208	5.1	1	299259 9949
42	420318	5.1	1	408096 12222
43	591139	5.1	1	572346 18793
44	655088	5.1	1	630945 24143
45	679174	5.1	1	662643 16531
46	557037	5.1	1	544494 12543
47	477227	5.1	1	462084 15143
48	304793	5.1	1	295539 9254
49	231972	5.1	1	225266 6706
50	222731	5.1	1	213199 9532
51	268759	5.1	1	259666 9093
52	405188	5.1	1	393941 11247
53	653519	5.1	1	637057 16462
54	701780	5.1	1	683805 17975
55	775017	5.1	1	759762 15255
56	755161	5.1	1	735637 19524
57	583257	5.1	1	569377 13880
58	399871	5.1	1	388615 11256
59	276997	5.1	1	267890 9107
60	214364	5.1	1	207556 6808
61	245937	5.1	1	238959 6978
62	396158	5.1	1	383128 13030
63	611909	5.1	1	596390 15519
64	785399	5.1	1	767628 17771
65	986215	5.1	1	964037 22178
66	989460	5.1	1	971100 18360
67	1104819	5.1	1	1091853 12966
68	180075	5.1	1	174290 5785
69	282649	5.1	1	276608 6041
70	206347	5.1	1	202826 3521
71	219371	5.1	1	214638 4733
72	310515	5.1	1	303908 6607
73	527436	5.1	1	515902 11534
74	793836	5.1	1	780110 13726
75	1012151	5.1	1	996069 16082
76	1094828	5.1	1	1077112 17716
77	989407	5.1	1	973909 15498
78	717838	5.1	1	705374 12464
79	494638	5.1	1	486915 7723
80	263065	5.1	1	257910 5155
81	232986	5.1	1	228512 4474
82	255041	5.1	1	249209 5832
83	442190	5.1	1	433609 8581
84	681977	5.1	1	671373 10604
85	958963	5.1	1	944137 14826
86	1077011	5.1	1	1061127 15884
87	1034457	5.1	1	1019691 14766
88	861003	5.1	1	847273 13730
89	568255	5.1	1	558222 10033
90	338331	5.1	1	331978 6353
91	188503	5.1	1	180992 7511
92	169773	5.1	1	165461 4312
93	276268	5.1	1	268436 7832
94	470834	5.1	1	460969 9865
95	702357	5.1	1	689993 12364
96	887140	5.1	1	871366 15774
97	894878	5.1	1	878503 16375
98	733091	5.1	1	720197 12894
99	537867	5.1	1	526599 11268
100	315118	5.1	1	308984 6134
101	155728	5.1	1	151265 4463
102	94289	5.1	1	90656 3633
103	126221	5.1	1	122841 3380
104	200137	5.1	1	195408 4729
105	295251	5.1	1	289850 5401
106	385507	5.1	1	378038 7469
107	402902	5.1	1	394502 8400
108	325051	5.1	1	318477 6574
109	207020	5.1	1	201700 5320
110	116141	5.1	1	113415 2726
111	59590	5.1	1	57342 2248
112	21380	5.1	1	20002 1378
113	16912	5.1	1	15540 1372
114	20826	5.1	1	17149 3677
115	19499	5.1	1	18726 773
116	19900	5.1	1	18773 1127
117	16002	5.1	1	14630 1372
118	11526	5.1	1	9988 1538
119	8231	5.1	1	6251 1980
120	3231	5.1	1	2646 585
121	4577	5.1	1	3554 1023
122	1769	5.1	1	1309 460
123	4937	5.1	1	850 4087
124	1400	5.1	1	330 1070
125	1084	5.1	1	496 588
126	1549	5.1	1	90 1459
127	531	5.1	1	153 378
128	1096	5.1	1	85 1011
129	1276	5.1	1	309 967
130	3322	5.1	1	95 3227
131	1346	5.1	1	162 1184
132	1904	5.1	1	36 1868
133	2680	5.1	1	67 2613
134	1395	5.1	1	129 1266
135	462	5.1	1	55 407
136	809	5.1	1	150 659
137	741	5.1	1	30 711
138	2102	5.1	1	8 2094
139	670	5.1	1	13 657
140	2600	5.1	1	18 2582
141	868	5.1	1	36 832
142	1910	5.1	1	25 1885
143	789	5.1	1	123 666
144	1484	5.1	1	5 1479
145	466	5.1	1	6 460
146	60	5.1	1	22 38
147	1476	5.1	1	263 1213
148	1329	5.1	1	6 1323
149	50	5.1	1	21 29
150	2827	5.1	1	2173 654

RUN STATISTICS FOR INPUT FILE: DATA/POL2/2M3_R2_001.fastq.gz
=============================================
84892446 sequences processed in total

Total number of sequences analysed for the sequence pair length validation: 84892446

Number of sequence pairs removed because at least one read was shorter than the length cutoff (20 bp): 74583 (0.09%)
