
SUMMARISING RUN PARAMETERS
==========================
Input filename: DATA/POL2/2M3_R1_001.fastq.gz
Trimming mode: paired-end
Trim Galore version: 0.6.10
Cutadapt version: 4.9
Python version: could not detect
Number of cores used for trimming: 16
Quality Phred score cutoff: 20
Quality encoding type selected: ASCII+33
Using Nextera adapter for trimming (count: 570112). Second best hit was Illumina (count: 4)
Adapter sequence: 'CTGTCTCTTATA' (Nextera Transposase sequence; auto-detected)
Maximum trimming error rate: 0.1 (default)
Minimum required adapter overlap (stringency): 1 bp
Minimum required sequence length for both reads before a sequence pair gets removed: 20 bp
Running FastQC on the data once trimming has completed
Output file will be GZIP compressed


This is cutadapt 4.9 with Python 3.11.8
Command line parameters: -j 16 -e 0.1 -q 20 -O 1 -a CTGTCTCTTATA DATA/POL2/2M3_R1_001.fastq.gz
Processing single-end reads on 16 cores ...
Finished in 282.335 s (3.326 µs/read; 18.04 M reads/minute).

=== Summary ===

Total reads processed:              84,892,446
Reads with adapters:                61,271,529 (72.2%)
Reads written (passing filters):    84,892,446 (100.0%)

Total basepairs processed: 12,733,866,900 bp
Quality-trimmed:              87,144,055 bp (0.7%)
Total written (filtered):  9,686,494,267 bp (76.1%)

=== Adapter 1 ===

Sequence: CTGTCTCTTATA; Type: regular 3'; Length: 12; Trimmed: 61271529 times

Minimum overlap: 1
No. of allowed errors:
1-9 bp: 0; 10-12 bp: 1

Bases preceding removed adapters:
  A: 13.6%
  C: 40.5%
  G: 24.4%
  T: 21.4%
  none/other: 0.0%

Overview of removed sequences
length	count	expect	max.err	error counts
1	8094513	21223111.5	0	8094513
2	2929419	5305777.9	0	2929419
3	1048482	1326444.5	0	1048482
4	511835	331611.1	0	511835
5	319604	82902.8	0	319604
6	246296	20725.7	0	246296
7	193663	5181.4	0	193663
8	199417	1295.4	0	199417
9	243910	323.8	0	242366 1544
10	265466	81.0	1	256879 8587
11	345728	20.2	1	335287 10441
12	371988	5.1	1	363513 8475
13	462859	5.1	1	447300 15559
14	421515	5.1	1	409883 11632
15	398731	5.1	1	381646 17085
16	336348	5.1	1	320214 16134
17	195867	5.1	1	192092 3775
18	225959	5.1	1	216078 9881
19	218422	5.1	1	211165 7257
20	253947	5.1	1	244926 9021
21	487654	5.1	1	463689 23965
22	341464	5.1	1	333282 8182
23	592713	5.1	1	576370 16343
24	456681	5.1	1	448798 7883
25	559851	5.1	1	542085 17766
26	381750	5.1	1	368715 13035
27	301035	5.1	1	284172 16863
28	206331	5.1	1	197752 8579
29	261877	5.1	1	245511 16366
30	237034	5.1	1	229256 7778
31	373019	5.1	1	356971 16048
32	463005	5.1	1	450733 12272
33	598754	5.1	1	579423 19331
34	557617	5.1	1	545640 11977
35	590894	5.1	1	572712 18182
36	466779	5.1	1	456047 10732
37	348163	5.1	1	339206 8957
38	248066	5.1	1	240250 7816
39	234798	5.1	1	224806 9992
40	236314	5.1	1	227741 8573
41	321764	5.1	1	311839 9925
42	465883	5.1	1	446516 19367
43	607586	5.1	1	589652 17934
44	1002837	5.1	1	971359 31478
45	494154	5.1	1	482005 12149
46	712850	5.1	1	694289 18561
47	351417	5.1	1	341786 9631
48	412735	5.1	1	399953 12782
49	571909	5.1	1	558776 13133
50	794870	5.1	1	780160 14710
51	385923	5.1	1	375310 10613
52	906116	5.1	1	888541 17575
53	500619	5.1	1	485221 15398
54	558327	5.1	1	547688 10639
55	307975	5.1	1	298569 9406
56	326954	5.1	1	317873 9081
57	401853	5.1	1	394150 7703
58	326214	5.1	1	318889 7325
59	241744	5.1	1	236085 5659
60	211673	5.1	1	205971 5702
61	276769	5.1	1	269526 7243
62	350314	5.1	1	341319 8995
63	563929	5.1	1	550907 13022
64	751756	5.1	1	735955 15801
65	945866	5.1	1	926098 19768
66	954695	5.1	1	933557 21138
67	949234	5.1	1	927502 21732
68	975168	5.1	1	953842 21326
69	1088652	5.1	1	1069719 18933
70	1000946	5.1	1	985164 15782
71	824327	5.1	1	812645 11682
72	650282	5.1	1	641549 8733
73	555424	5.1	1	545944 9480
74	345002	5.1	1	335441 9561
75	202588	5.1	1	194376 8212
76	229727	5.1	1	220150 9577
77	350619	5.1	1	338344 12275
78	394545	5.1	1	385729 8816
79	358748	5.1	1	350546 8202
80	225968	5.1	1	221440 4528
81	217257	5.1	1	212551 4706
82	249705	5.1	1	244190 5515
83	434986	5.1	1	426954 8032
84	675727	5.1	1	665271 10456
85	949420	5.1	1	935117 14303
86	1065860	5.1	1	1048987 16873
87	1027671	5.1	1	1011791 15880
88	856312	5.1	1	844291 12021
89	565753	5.1	1	557295 8458
90	338218	5.1	1	332163 6055
91	185813	5.1	1	181043 4770
92	170314	5.1	1	166025 4289
93	277032	5.1	1	269384 7648
94	473529	5.1	1	463603 9926
95	703678	5.1	1	690171 13507
96	889559	5.1	1	870483 19076
97	895843	5.1	1	877728 18115
98	737523	5.1	1	722364 15159
99	541493	5.1	1	528431 13062
100	318083	5.1	1	310217 7866
101	155873	5.1	1	150736 5137
102	94528	5.1	1	90747 3781
103	126538	5.1	1	122889 3649
104	202444	5.1	1	196354 6090
105	297953	5.1	1	290456 7497
106	388321	5.1	1	380899 7422
107	405636	5.1	1	398266 7370
108	328708	5.1	1	322324 6384
109	208897	5.1	1	202856 6041
110	117632	5.1	1	114243 3389
111	59818	5.1	1	58120 1698
112	21491	5.1	1	20229 1262
113	17250	5.1	1	15793 1457
114	21056	5.1	1	17215 3841
115	20159	5.1	1	18772 1387
116	20559	5.1	1	19048 1511
117	16678	5.1	1	14666 2012
118	12562	5.1	1	9908 2654
119	7678	5.1	1	5988 1690
120	3063	5.1	1	2685 378
121	4510	5.1	1	3511 999
122	1832	5.1	1	1257 575
123	3049	5.1	1	791 2258
124	1060	5.1	1	338 722
125	1155	5.1	1	469 686
126	1329	5.1	1	489 840
127	429	5.1	1	124 305
128	1143	5.1	1	107 1036
129	1474	5.1	1	281 1193
130	3729	5.1	1	79 3650
131	1599	5.1	1	150 1449
132	577	5.1	1	26 551
133	4042	5.1	1	66 3976
134	1574	5.1	1	115 1459
135	794	5.1	1	47 747
136	858	5.1	1	43 815
137	851	5.1	1	32 819
138	1543	5.1	1	7 1536
139	668	5.1	1	17 651
140	2793	5.1	1	23 2770
141	1854	5.1	1	32 1822
142	2071	5.1	1	34 2037
143	414	5.1	1	1 413
144	1289	5.1	1	7 1282
145	351	5.1	1	10 341
146	540	5.1	1	9 531
147	539	5.1	1	16 523
148	402	5.1	1	18 384
149	250	5.1	1	118 132
150	2460	5.1	1	2049 411

RUN STATISTICS FOR INPUT FILE: DATA/POL2/2M3_R1_001.fastq.gz
=============================================
84892446 sequences processed in total

