
SUMMARISING RUN PARAMETERS
==========================
Input filename: DATA/ENDOGENOUS/IgM_R2_001.fastq.gz
Trimming mode: paired-end
Trim Galore version: 0.6.10
Cutadapt version: 4.9
Python version: could not detect
Number of cores used for trimming: 16
Quality Phred score cutoff: 20
Quality encoding type selected: ASCII+33
Using Nextera adapter for trimming (count: 297006). Second best hit was Illumina (count: 1)
Adapter sequence: 'CTGTCTCTTATA' (Nextera Transposase sequence; auto-detected)
Maximum trimming error rate: 0.1 (default)
Minimum required adapter overlap (stringency): 1 bp
Minimum required sequence length for both reads before a sequence pair gets removed: 20 bp
Running FastQC on the data once trimming has completed
Output file will be GZIP compressed


This is cutadapt 4.9 with Python 3.11.8
Command line parameters: -j 16 -e 0.1 -q 20 -O 1 -a CTGTCTCTTATA DATA/ENDOGENOUS/IgM_R2_001.fastq.gz
Processing single-end reads on 16 cores ...
Finished in 215.125 s (2.341 µs/read; 25.63 M reads/minute).

=== Summary ===

Total reads processed:              91,890,662
Reads with adapters:                47,207,167 (51.4%)
Reads written (passing filters):    91,890,662 (100.0%)

Total basepairs processed: 13,783,599,300 bp
Quality-trimmed:              50,091,719 bp (0.4%)
Total written (filtered):  12,452,816,834 bp (90.3%)

=== Adapter 1 ===

Sequence: CTGTCTCTTATA; Type: regular 3'; Length: 12; Trimmed: 47207167 times

Minimum overlap: 1
No. of allowed errors:
1-9 bp: 0; 10-12 bp: 1

Bases preceding removed adapters:
  A: 16.6%
  C: 36.0%
  G: 22.8%
  T: 24.6%
  none/other: 0.0%

Overview of removed sequences
length	count	expect	max.err	error counts
1	12920421	22972665.5	0	12920421
2	4728079	5743166.4	0	4728079
3	1437775	1435791.6	0	1437775
4	631610	358947.9	0	631610
5	382125	89737.0	0	382125
6	329121	22434.2	0	329121
7	285280	5608.6	0	285280
8	299418	1402.1	0	299418
9	342807	350.5	0	340786 2021
10	327243	87.6	1	314887 12356
11	415803	21.9	1	394568 21235
12	376702	5.5	1	362891 13811
13	410899	5.5	1	388617 22282
14	382855	5.5	1	366588 16267
15	363058	5.5	1	345266 17792
16	336914	5.5	1	320962 15952
17	308575	5.5	1	294093 14482
18	327258	5.5	1	311220 16038
19	319521	5.5	1	304160 15361
20	333618	5.5	1	320996 12622
21	387326	5.5	1	372160 15166
22	405647	5.5	1	389133 16514
23	466309	5.5	1	451717 14592
24	416835	5.5	1	402123 14712
25	458565	5.5	1	432924 25641
26	346749	5.5	1	335395 11354
27	318617	5.5	1	305686 12931
28	291042	5.5	1	279467 11575
29	291628	5.5	1	281842 9786
30	368695	5.5	1	356223 12472
31	352017	5.5	1	341231 10786
32	393888	5.5	1	381012 12876
33	425154	5.5	1	411730 13424
34	451156	5.5	1	438977 12179
35	407994	5.5	1	397525 10469
36	345933	5.5	1	336080 9853
37	310201	5.5	1	297772 12429
38	283987	5.5	1	275156 8831
39	267459	5.5	1	258854 8605
40	272083	5.5	1	263714 8369
41	323647	5.5	1	312009 11638
42	348026	5.5	1	338952 9074
43	407253	5.5	1	394265 12988
44	401943	5.5	1	390913 11030
45	390780	5.5	1	381531 9249
46	356874	5.5	1	347028 9846
47	298031	5.5	1	289472 8559
48	268400	5.5	1	259751 8649
49	257646	5.5	1	250077 7569
50	285221	5.5	1	274138 11083
51	259404	5.5	1	252931 6473
52	351991	5.5	1	342745 9246
53	419986	5.5	1	408060 11926
54	318219	5.5	1	310885 7334
55	383898	5.5	1	375139 8759
56	356363	5.5	1	347150 9213
57	287748	5.5	1	280800 6948
58	255719	5.5	1	248079 7640
59	224861	5.5	1	217903 6958
60	210512	5.5	1	202688 7824
61	223358	5.5	1	218129 5229
62	293672	5.5	1	286236 7436
63	329561	5.5	1	321683 7878
64	403961	5.5	1	395186 8775
65	534410	5.5	1	524681 9729
66	338455	5.5	1	332527 5928
67	201735	5.5	1	196865 4870
68	127719	5.5	1	119817 7902
69	183940	5.5	1	180515 3425
70	162015	5.5	1	158425 3590
71	175944	5.5	1	169966 5978
72	211677	5.5	1	205815 5862
73	263957	5.5	1	249839 14118
74	321607	5.5	1	313273 8334
75	347810	5.5	1	341500 6310
76	342588	5.5	1	336867 5721
77	271823	5.5	1	266038 5785
78	208653	5.5	1	204767 3886
79	174208	5.5	1	170011 4197
80	131670	5.5	1	129079 2591
81	132587	5.5	1	129067 3520
82	143589	5.5	1	134828 8761
83	175063	5.5	1	167239 7824
84	209500	5.5	1	205296 4204
85	248087	5.5	1	243562 4525
86	263997	5.5	1	259599 4398
87	232010	5.5	1	227604 4406
88	167895	5.5	1	162260 5635
89	117332	5.5	1	113703 3629
90	84402	5.5	1	81688 2714
91	69602	5.5	1	65844 3758
92	65786	5.5	1	63288 2498
93	84383	5.5	1	80007 4376
94	100121	5.5	1	95874 4247
95	124486	5.5	1	121731 2755
96	140377	5.5	1	136755 3622
97	123060	5.5	1	119347 3713
98	91892	5.5	1	88808 3084
99	59026	5.5	1	55259 3767
100	40251	5.5	1	37143 3108
101	25815	5.5	1	23854 1961
102	21951	5.5	1	19042 2909
103	21442	5.5	1	19691 1751
104	24032	5.5	1	21066 2966
105	28237	5.5	1	25926 2311
106	24806	5.5	1	23477 1329
107	24372	5.5	1	21569 2803
108	16134	5.5	1	15050 1084
109	15843	5.5	1	9756 6087
110	6479	5.5	1	5554 925
111	6124	5.5	1	4038 2086
112	6747	5.5	1	2790 3957
113	3814	5.5	1	2135 1679
114	9893	5.5	1	1167 8726
115	2440	5.5	1	1481 959
116	2195	5.5	1	1102 1093
117	2303	5.5	1	1094 1209
118	6523	5.5	1	510 6013
119	2601	5.5	1	427 2174
120	887	5.5	1	284 603
121	1932	5.5	1	314 1618
122	1242	5.5	1	236 1006
123	13940	5.5	1	269 13671
124	1850	5.5	1	154 1696
125	1241	5.5	1	142 1099
126	1360	5.5	1	173 1187
127	1400	5.5	1	89 1311
128	1965	5.5	1	158 1807
129	1683	5.5	1	87 1596
130	14811	5.5	1	92 14719
131	5661	5.5	1	171 5490
132	3462	5.5	1	81 3381
133	5986	5.5	1	92 5894
134	993	5.5	1	50 943
135	716	5.5	1	190 526
136	1677	5.5	1	64 1613
137	969	5.5	1	138 831
138	3473	5.5	1	165 3308
139	1276	5.5	1	88 1188
140	6482	5.5	1	100 6382
141	2810	5.5	1	232 2578
142	5855	5.5	1	110 5745
143	1299	5.5	1	58 1241
144	3100	5.5	1	92 3008
145	788	5.5	1	69 719
146	1236	5.5	1	860 376
147	2642	5.5	1	217 2425
148	1575	5.5	1	23 1552
149	355	5.5	1	210 145
150	13652	5.5	1	12967 685

RUN STATISTICS FOR INPUT FILE: DATA/ENDOGENOUS/IgM_R2_001.fastq.gz
=============================================
91890662 sequences processed in total

Total number of sequences analysed for the sequence pair length validation: 91890662

Number of sequence pairs removed because at least one read was shorter than the length cutoff (20 bp): 148441 (0.16%)
