
SUMMARISING RUN PARAMETERS
==========================
Input filename: DATA/ENDOGENOUS/IgM_R1_001.fastq.gz
Trimming mode: paired-end
Trim Galore version: 0.6.10
Cutadapt version: 4.9
Python version: could not detect
Number of cores used for trimming: 16
Quality Phred score cutoff: 20
Quality encoding type selected: ASCII+33
Using Nextera adapter for trimming (count: 297006). Second best hit was Illumina (count: 1)
Adapter sequence: 'CTGTCTCTTATA' (Nextera Transposase sequence; auto-detected)
Maximum trimming error rate: 0.1 (default)
Minimum required adapter overlap (stringency): 1 bp
Minimum required sequence length for both reads before a sequence pair gets removed: 20 bp
Running FastQC on the data once trimming has completed
Output file will be GZIP compressed


This is cutadapt 4.9 with Python 3.11.8
Command line parameters: -j 16 -e 0.1 -q 20 -O 1 -a CTGTCTCTTATA DATA/ENDOGENOUS/IgM_R1_001.fastq.gz
Processing single-end reads on 16 cores ...
Finished in 218.841 s (2.382 µs/read; 25.19 M reads/minute).

=== Summary ===

Total reads processed:              91,890,662
Reads with adapters:                46,955,806 (51.1%)
Reads written (passing filters):    91,890,662 (100.0%)

Total basepairs processed: 13,783,599,300 bp
Quality-trimmed:              91,550,631 bp (0.7%)
Total written (filtered):  12,463,362,255 bp (90.4%)

=== Adapter 1 ===

Sequence: CTGTCTCTTATA; Type: regular 3'; Length: 12; Trimmed: 46955806 times

Minimum overlap: 1
No. of allowed errors:
1-9 bp: 0; 10-12 bp: 1

Bases preceding removed adapters:
  A: 16.5%
  C: 35.5%
  G: 23.1%
  T: 24.9%
  none/other: 0.0%

Overview of removed sequences
length	count	expect	max.err	error counts
1	12624375	22972665.5	0	12624375
2	4703700	5743166.4	0	4703700
3	1442356	1435791.6	0	1442356
4	654066	358947.9	0	654066
5	374129	89737.0	0	374129
6	329063	22434.2	0	329063
7	282440	5608.6	0	282440
8	296232	1402.1	0	296232
9	348935	350.5	0	347126 1809
10	321744	87.6	1	303030 18714
11	422403	21.9	1	389829 32574
12	372458	5.5	1	352227 20231
13	416896	5.5	1	383468 33428
14	378227	5.5	1	354471 23756
15	369527	5.5	1	341690 27837
16	330474	5.5	1	308301 22173
17	309880	5.5	1	290634 19246
18	321140	5.5	1	301131 20009
19	308154	5.5	1	288714 19440
20	329792	5.5	1	309589 20203
21	421333	5.5	1	392790 28543
22	396004	5.5	1	375923 20081
23	465344	5.5	1	441047 24297
24	412589	5.5	1	392962 19627
25	446962	5.5	1	415671 31291
26	347561	5.5	1	329869 17692
27	334591	5.5	1	313203 21388
28	283038	5.5	1	269503 13535
29	312478	5.5	1	294162 18316
30	331039	5.5	1	316613 14426
31	388586	5.5	1	370089 18497
32	409481	5.5	1	391073 18408
33	459891	5.5	1	439303 20588
34	410446	5.5	1	394335 16111
35	402423	5.5	1	387893 14530
36	359539	5.5	1	344113 15426
37	305836	5.5	1	289579 16257
38	296763	5.5	1	281913 14850
39	275837	5.5	1	261905 13932
40	282933	5.5	1	270227 12706
41	359806	5.5	1	341614 18192
42	361086	5.5	1	345917 15169
43	465057	5.5	1	441779 23278
44	867713	5.5	1	832904 34809
45	359171	5.5	1	345463 13708
46	373589	5.5	1	361242 12347
47	175302	5.5	1	168262 7040
48	1583487	5.5	1	1557379 26108
49	373485	5.5	1	360420 13065
50	523366	5.5	1	507000 16366
51	230697	5.5	1	222279 8418
52	1376378	5.5	1	1355933 20445
53	504442	5.5	1	491226 13216
54	124447	5.5	1	118699 5748
55	640318	5.5	1	630558 9760
56	277153	5.5	1	269306 7847
57	98261	5.5	1	92784 5477
58	89548	5.5	1	84844 4704
59	136453	5.5	1	132784 3669
60	31796	5.5	1	28187 3609
61	90252	5.5	1	86489 3763
62	51527	5.5	1	47993 3534
63	33748	5.5	1	29557 4191
64	116253	5.5	1	112865 3388
65	263049	5.5	1	256649 6400
66	48693	5.5	1	45386 3307
67	106922	5.5	1	102813 4109
68	64535	5.5	1	57206 7329
69	57049	5.5	1	53619 3430
70	47774	5.5	1	44849 2925
71	57669	5.5	1	52227 5442
72	85279	5.5	1	80735 4544
73	168363	5.5	1	155336 13027
74	249290	5.5	1	241971 7319
75	298831	5.5	1	292602 6229
76	305159	5.5	1	299232 5927
77	247873	5.5	1	241239 6634
78	194416	5.5	1	189913 4503
79	162684	5.5	1	157942 4742
80	128000	5.5	1	124828 3172
81	129845	5.5	1	126579 3266
82	141661	5.5	1	134221 7440
83	173919	5.5	1	165504 8415
84	206420	5.5	1	200734 5686
85	239480	5.5	1	234668 4812
86	250455	5.5	1	245652 4803
87	217835	5.5	1	212842 4993
88	158607	5.5	1	152438 6169
89	111719	5.5	1	107984 3735
90	81821	5.5	1	78834 2987
91	70701	5.5	1	65334 5367
92	65894	5.5	1	63541 2353
93	84837	5.5	1	79821 5016
94	99202	5.5	1	95427 3775
95	122608	5.5	1	119771 2837
96	136443	5.5	1	132083 4360
97	117892	5.5	1	114784 3108
98	89117	5.5	1	85290 3827
99	56410	5.5	1	53152 3258
100	39339	5.5	1	36033 3306
101	25574	5.5	1	23288 2286
102	20742	5.5	1	18837 1905
103	21482	5.5	1	19433 2049
104	24271	5.5	1	21173 3098
105	26879	5.5	1	25193 1686
106	24628	5.5	1	23085 1543
107	23235	5.5	1	20882 2353
108	16569	5.5	1	14792 1777
109	15654	5.5	1	9673 5981
110	6742	5.5	1	5441 1301
111	5160	5.5	1	3987 1173
112	5992	5.5	1	2717 3275
113	4729	5.5	1	2076 2653
114	10069	5.5	1	1195 8874
115	2828	5.5	1	1490 1338
116	2155	5.5	1	1115 1040
117	2715	5.5	1	1038 1677
118	5844	5.5	1	490 5354
119	2763	5.5	1	385 2378
120	1259	5.5	1	256 1003
121	3670	5.5	1	287 3383
122	1282	5.5	1	222 1060
123	12512	5.5	1	181 12331
124	2233	5.5	1	145 2088
125	1168	5.5	1	114 1054
126	1923	5.5	1	168 1755
127	696	5.5	1	64 632
128	1431	5.5	1	147 1284
129	1909	5.5	1	65 1844
130	13839	5.5	1	104 13735
131	4212	5.5	1	147 4065
132	3308	5.5	1	78 3230
133	5454	5.5	1	95 5359
134	1302	5.5	1	57 1245
135	839	5.5	1	134 705
136	2572	5.5	1	131 2441
137	743	5.5	1	139 604
138	3353	5.5	1	176 3177
139	1187	5.5	1	144 1043
140	5535	5.5	1	114 5421
141	2371	5.5	1	242 2129
142	7820	5.5	1	107 7713
143	1781	5.5	1	68 1713
144	2424	5.5	1	95 2329
145	380	5.5	1	81 299
146	1210	5.5	1	870 340
147	3484	5.5	1	227 3257
148	1136	5.5	1	41 1095
149	1013	5.5	1	266 747
150	13938	5.5	1	12823 1115

RUN STATISTICS FOR INPUT FILE: DATA/ENDOGENOUS/IgM_R1_001.fastq.gz
=============================================
91890662 sequences processed in total

