
SUMMARISING RUN PARAMETERS
==========================
Input filename: DATA/ENDOGENOUS/NeuM3_R1_001.fastq.gz
Trimming mode: paired-end
Trim Galore version: 0.6.10
Cutadapt version: 4.9
Python version: could not detect
Number of cores used for trimming: 16
Quality Phred score cutoff: 20
Quality encoding type selected: ASCII+33
Using Nextera adapter for trimming (count: 428272). Second best hit was smallRNA (count: 5)
Adapter sequence: 'CTGTCTCTTATA' (Nextera Transposase sequence; auto-detected)
Maximum trimming error rate: 0.1 (default)
Minimum required adapter overlap (stringency): 1 bp
Minimum required sequence length for both reads before a sequence pair gets removed: 20 bp
Running FastQC on the data once trimming has completed
Output file will be GZIP compressed


This is cutadapt 4.9 with Python 3.11.8
Command line parameters: -j 16 -e 0.1 -q 20 -O 1 -a CTGTCTCTTATA DATA/ENDOGENOUS/NeuM3_R1_001.fastq.gz
Processing single-end reads on 16 cores ...
Finished in 202.305 s (3.293 µs/read; 18.22 M reads/minute).

=== Summary ===

Total reads processed:              61,429,277
Reads with adapters:                37,072,145 (60.3%)
Reads written (passing filters):    61,429,277 (100.0%)

Total basepairs processed: 9,214,391,550 bp
Quality-trimmed:              98,436,917 bp (1.1%)
Total written (filtered):  7,522,980,286 bp (81.6%)

=== Adapter 1 ===

Sequence: CTGTCTCTTATA; Type: regular 3'; Length: 12; Trimmed: 37072145 times

Minimum overlap: 1
No. of allowed errors:
1-9 bp: 0; 10-12 bp: 1

Bases preceding removed adapters:
  A: 13.0%
  C: 41.3%
  G: 25.7%
  T: 19.9%
  none/other: 0.0%

Overview of removed sequences
length	count	expect	max.err	error counts
1	7783226	15357319.2	0	7783226
2	2729292	3839329.8	0	2729292
3	934871	959832.5	0	934871
4	344268	239958.1	0	344268
5	177939	59989.5	0	177939
6	136790	14997.4	0	136790
7	113222	3749.3	0	113222
8	107926	937.3	0	107926
9	135768	234.3	0	134372 1396
10	119418	58.6	1	111513 7905
11	162943	14.6	1	148294 14649
12	156003	3.7	1	147060 8943
13	192635	3.7	1	176010 16625
14	169664	3.7	1	157741 11923
15	170733	3.7	1	155486 15247
16	138607	3.7	1	128243 10364
17	119525	3.7	1	111579 7946
18	100309	3.7	1	93128 7181
19	104270	3.7	1	97181 7089
20	117065	3.7	1	108598 8467
21	158957	3.7	1	144466 14491
22	163342	3.7	1	154254 9088
23	207216	3.7	1	195102 12114
24	209421	3.7	1	199185 10236
25	201878	3.7	1	189337 12541
26	167974	3.7	1	157694 10280
27	153128	3.7	1	139259 13869
28	170714	3.7	1	159259 11455
29	56417	3.7	1	51544 4873
30	109314	3.7	1	103600 5714
31	157926	3.7	1	147727 10199
32	199855	3.7	1	188097 11758
33	276183	3.7	1	259574 16609
34	217091	3.7	1	207210 9881
35	223451	3.7	1	213374 10077
36	193996	3.7	1	184335 9661
37	179210	3.7	1	169972 9238
38	129013	3.7	1	123192 5821
39	116317	3.7	1	110923 5394
40	132735	3.7	1	121822 10913
41	158073	3.7	1	149212 8861
42	251370	3.7	1	231440 19930
43	265690	3.7	1	252223 13467
44	746316	3.7	1	709282 37034
45	268359	3.7	1	256988 11371
46	357374	3.7	1	344706 12668
47	131925	3.7	1	126114 5811
48	1978321	3.7	1	1948168 30153
49	370379	3.7	1	360701 9678
50	372429	3.7	1	361353 11076
51	171760	3.7	1	166161 5599
52	882871	3.7	1	869752 13119
53	217957	3.7	1	211282 6675
54	116004	3.7	1	112096 3908
55	264548	3.7	1	258985 5563
56	118493	3.7	1	114469 4024
57	43949	3.7	1	41076 2873
58	79791	3.7	1	77064 2727
59	164983	3.7	1	161471 3512
60	30850	3.7	1	28180 2670
61	105279	3.7	1	102302 2977
62	28486	3.7	1	26577 1909
63	29940	3.7	1	27267 2673
64	167951	3.7	1	163203 4748
65	472789	3.7	1	464256 8533
66	66380	3.7	1	62888 3492
67	78035	3.7	1	74456 3579
68	71413	3.7	1	66945 4468
69	60753	3.7	1	58352 2401
70	44578	3.7	1	42760 1818
71	38199	3.7	1	35806 2393
72	50270	3.7	1	47988 2282
73	129654	3.7	1	123889 5765
74	274558	3.7	1	268169 6389
75	438626	3.7	1	429167 9459
76	520467	3.7	1	509922 10545
77	467323	3.7	1	457924 9399
78	338845	3.7	1	331748 7097
79	225378	3.7	1	220069 5309
80	153073	3.7	1	149416 3657
81	144062	3.7	1	140471 3591
82	157332	3.7	1	151936 5396
83	249868	3.7	1	243696 6172
84	376753	3.7	1	368662 8091
85	577795	3.7	1	566572 11223
86	719024	3.7	1	705621 13403
87	683061	3.7	1	670034 13027
88	520254	3.7	1	510642 9612
89	318425	3.7	1	312472 5953
90	196489	3.7	1	192475 4014
91	127356	3.7	1	123751 3605
92	124039	3.7	1	121035 3004
93	182538	3.7	1	177896 4642
94	291811	3.7	1	285611 6200
95	452118	3.7	1	443889 8229
96	606072	3.7	1	594840 11232
97	637086	3.7	1	627139 9947
98	515503	3.7	1	506405 9098
99	345360	3.7	1	338720 6640
100	191361	3.7	1	187596 3765
101	104699	3.7	1	102483 2216
102	75705	3.7	1	73503 2202
103	90065	3.7	1	88026 2039
104	131389	3.7	1	127976 3413
105	186627	3.7	1	182821 3806
106	209163	3.7	1	205140 4023
107	199365	3.7	1	195482 3883
108	151979	3.7	1	148893 3086
109	105682	3.7	1	101998 3684
110	59633	3.7	1	58032 1601
111	35031	3.7	1	33924 1107
112	15488	3.7	1	14223 1265
113	10695	3.7	1	9880 815
114	12246	3.7	1	9388 2858
115	8993	3.7	1	8574 419
116	6006	3.7	1	5327 679
117	9676	3.7	1	9043 633
118	4948	3.7	1	3536 1412
119	3930	3.7	1	2785 1145
120	2090	3.7	1	1617 473
121	2782	3.7	1	2068 714
122	2047	3.7	1	1456 591
123	7121	3.7	1	3202 3919
124	1169	3.7	1	700 469
125	1533	3.7	1	1031 502
126	871	3.7	1	487 384
127	1259	3.7	1	659 600
128	871	3.7	1	217 654
129	2000	3.7	1	1481 519
130	3527	3.7	1	134 3393
131	1417	3.7	1	430 987
132	990	3.7	1	111 879
133	1804	3.7	1	287 1517
134	505	3.7	1	18 487
135	307	3.7	1	123 184
136	535	3.7	1	102 433
137	856	3.7	1	25 831
138	887	3.7	1	7 880
139	251	3.7	1	12 239
140	1337	3.7	1	21 1316
141	876	3.7	1	53 823
142	1935	3.7	1	11 1924
143	501	3.7	1	25 476
144	879	3.7	1	6 873
145	139	3.7	1	1 138
146	288	3.7	1	21 267
147	755	3.7	1	3 752
148	506	3.7	1	1 505
149	260	3.7	1	37 223
150	2169	3.7	1	1827 342

RUN STATISTICS FOR INPUT FILE: DATA/ENDOGENOUS/NeuM3_R1_001.fastq.gz
=============================================
61429277 sequences processed in total

