
SUMMARISING RUN PARAMETERS
==========================
Input filename: DATA/ENDOGENOUS/NeuM3_R2_001.fastq.gz
Trimming mode: paired-end
Trim Galore version: 0.6.10
Cutadapt version: 4.9
Python version: could not detect
Number of cores used for trimming: 16
Quality Phred score cutoff: 20
Quality encoding type selected: ASCII+33
Using Nextera adapter for trimming (count: 428272). Second best hit was smallRNA (count: 5)
Adapter sequence: 'CTGTCTCTTATA' (Nextera Transposase sequence; auto-detected)
Maximum trimming error rate: 0.1 (default)
Minimum required adapter overlap (stringency): 1 bp
Minimum required sequence length for both reads before a sequence pair gets removed: 20 bp
Running FastQC on the data once trimming has completed
Output file will be GZIP compressed


This is cutadapt 4.9 with Python 3.11.8
Command line parameters: -j 16 -e 0.1 -q 20 -O 1 -a CTGTCTCTTATA DATA/ENDOGENOUS/NeuM3_R2_001.fastq.gz
Processing single-end reads on 16 cores ...
Finished in 203.435 s (3.312 µs/read; 18.12 M reads/minute).

=== Summary ===

Total reads processed:              61,429,277
Reads with adapters:                37,067,776 (60.3%)
Reads written (passing filters):    61,429,277 (100.0%)

Total basepairs processed: 9,214,391,550 bp
Quality-trimmed:              41,137,350 bp (0.4%)
Total written (filtered):  7,517,878,635 bp (81.6%)

=== Adapter 1 ===

Sequence: CTGTCTCTTATA; Type: regular 3'; Length: 12; Trimmed: 37067776 times

Minimum overlap: 1
No. of allowed errors:
1-9 bp: 0; 10-12 bp: 1

Bases preceding removed adapters:
  A: 13.0%
  C: 41.3%
  G: 25.7%
  T: 19.9%
  none/other: 0.0%

Overview of removed sequences
length	count	expect	max.err	error counts
1	7855381	15357319.2	0	7855381
2	2738023	3839329.8	0	2738023
3	936604	959832.5	0	936604
4	340191	239958.1	0	340191
5	179974	59989.5	0	179974
6	136501	14997.4	0	136501
7	113871	3749.3	0	113871
8	109144	937.3	0	109144
9	130187	234.3	0	129154 1033
10	121878	58.6	1	115826 6052
11	159509	14.6	1	150186 9323
12	158857	3.7	1	153051 5806
13	189156	3.7	1	178444 10712
14	172332	3.7	1	164388 7944
15	165839	3.7	1	156574 9265
16	140248	3.7	1	133072 7176
17	119126	3.7	1	113597 5529
18	102832	3.7	1	96984 5848
19	108565	3.7	1	102337 6228
20	116876	3.7	1	111733 5143
21	140520	3.7	1	134427 6093
22	169710	3.7	1	161747 7963
23	205253	3.7	1	197981 7272
24	211960	3.7	1	203762 8198
25	208726	3.7	1	198392 10334
26	164325	3.7	1	158560 5765
27	133974	3.7	1	128240 5734
28	112994	3.7	1	107466 5528
29	102032	3.7	1	98047 3985
30	121292	3.7	1	116324 4968
31	136733	3.7	1	132006 4727
32	175722	3.7	1	169934 5788
33	219121	3.7	1	210486 8635
34	239101	3.7	1	231976 7125
35	229893	3.7	1	222738 7155
36	202329	3.7	1	196120 6209
37	174406	3.7	1	167604 6802
38	131106	3.7	1	126347 4759
39	117677	3.7	1	113001 4676
40	113204	3.7	1	109101 4103
41	151975	3.7	1	146758 5217
42	178671	3.7	1	173299 5372
43	246024	3.7	1	237634 8390
44	273684	3.7	1	264730 8954
45	307401	3.7	1	299366 8035
46	266706	3.7	1	259016 7690
47	213490	3.7	1	207369 6121
48	165074	3.7	1	160062 5012
49	136387	3.7	1	131938 4449
50	141302	3.7	1	135180 6122
51	132672	3.7	1	128695 3977
52	210503	3.7	1	204060 6443
53	279502	3.7	1	272368 7134
54	273970	3.7	1	267011 6959
55	348197	3.7	1	340392 7805
56	328450	3.7	1	320324 8126
57	278272	3.7	1	271986 6286
58	204359	3.7	1	198798 5561
59	155253	3.7	1	150804 4449
60	130090	3.7	1	126370 3720
61	140621	3.7	1	137043 3578
62	189190	3.7	1	183241 5949
63	280072	3.7	1	273031 7041
64	412928	3.7	1	403771 9157
65	644072	3.7	1	631967 12105
66	427692	3.7	1	419485 8207
67	238108	3.7	1	232924 5184
68	144690	3.7	1	139764 4926
69	169491	3.7	1	166083 3408
70	128621	3.7	1	126067 2554
71	124917	3.7	1	121750 3167
72	154352	3.7	1	150954 3398
73	244158	3.7	1	237320 6838
74	387723	3.7	1	379818 7905
75	542503	3.7	1	532159 10344
76	611520	3.7	1	600722 10798
77	535404	3.7	1	525745 9659
78	379044	3.7	1	372410 6634
79	245872	3.7	1	241122 4750
80	156198	3.7	1	153345 2853
81	141855	3.7	1	138804 3051
82	142903	3.7	1	138700 4203
83	236240	3.7	1	231265 4975
84	366687	3.7	1	359991 6696
85	589284	3.7	1	579139 10145
86	755678	3.7	1	743221 12457
87	730732	3.7	1	718842 11890
88	559756	3.7	1	550799 8957
89	340682	3.7	1	335093 5589
90	204537	3.7	1	201166 3371
91	125231	3.7	1	122631 2600
92	115756	3.7	1	113223 2533
93	173118	3.7	1	168697 4421
94	281961	3.7	1	276759 5202
95	451306	3.7	1	443943 7363
96	620103	3.7	1	610264 9839
97	662847	3.7	1	653200 9647
98	538177	3.7	1	529672 8505
99	362287	3.7	1	356097 6190
100	199816	3.7	1	196196 3620
101	106051	3.7	1	104290 1761
102	74564	3.7	1	72890 1674
103	88128	3.7	1	86328 1800
104	130120	3.7	1	127195 2925
105	188093	3.7	1	185038 3055
106	212800	3.7	1	208947 3853
107	204743	3.7	1	200892 3851
108	155870	3.7	1	153047 2823
109	108389	3.7	1	105287 3102
110	60849	3.7	1	59434 1415
111	35996	3.7	1	35009 987
112	15889	3.7	1	14561 1328
113	11045	3.7	1	10070 975
114	12465	3.7	1	9519 2946
115	9325	3.7	1	8712 613
116	5796	3.7	1	5365 431
117	10217	3.7	1	9254 963
118	5455	3.7	1	3570 1885
119	3746	3.7	1	2803 943
120	2283	3.7	1	1644 639
121	2737	3.7	1	2117 620
122	1840	3.7	1	1416 424
123	7069	3.7	1	3294 3775
124	1298	3.7	1	684 614
125	1446	3.7	1	1074 372
126	1144	3.7	1	478 666
127	1292	3.7	1	688 604
128	519	3.7	1	215 304
129	1866	3.7	1	1514 352
130	3288	3.7	1	135 3153
131	1569	3.7	1	442 1127
132	1297	3.7	1	114 1183
133	3033	3.7	1	301 2732
134	286	3.7	1	17 269
135	455	3.7	1	121 334
136	643	3.7	1	43 600
137	1153	3.7	1	23 1130
138	1207	3.7	1	5 1202
139	420	3.7	1	9 411
140	1948	3.7	1	21 1927
141	953	3.7	1	58 895
142	1952	3.7	1	9 1943
143	352	3.7	1	24 328
144	895	3.7	1	1 894
145	53	3.7	1	0 53
146	135	3.7	1	18 117
147	1036	3.7	1	2 1034
148	507	3.7	1	0 507
149	232	3.7	1	21 211
150	2041	3.7	1	1878 163

RUN STATISTICS FOR INPUT FILE: DATA/ENDOGENOUS/NeuM3_R2_001.fastq.gz
=============================================
61429277 sequences processed in total

Total number of sequences analysed for the sequence pair length validation: 61429277

Number of sequence pairs removed because at least one read was shorter than the length cutoff (20 bp): 64088 (0.10%)
