
SUMMARISING RUN PARAMETERS
==========================
Input filename: DATA/EXOGENOUS/NeuV1_R1_001.fastq.gz
Trimming mode: paired-end
Trim Galore version: 0.6.10
Cutadapt version: 4.9
Python version: could not detect
Number of cores used for trimming: 16
Quality Phred score cutoff: 20
Quality encoding type selected: ASCII+33
Using Nextera adapter for trimming (count: 520320). Second best hit was smallRNA (count: 6)
Adapter sequence: 'CTGTCTCTTATA' (Nextera Transposase sequence; auto-detected)
Maximum trimming error rate: 0.1 (default)
Minimum required adapter overlap (stringency): 1 bp
Minimum required sequence length for both reads before a sequence pair gets removed: 20 bp
Running FastQC on the data once trimming has completed
Output file will be GZIP compressed


This is cutadapt 4.9 with Python 3.11.8
Command line parameters: -j 16 -e 0.1 -q 20 -O 1 -a CTGTCTCTTATA DATA/EXOGENOUS/NeuV1_R1_001.fastq.gz
Processing single-end reads on 16 cores ...
Finished in 257.434 s (3.619 µs/read; 16.58 M reads/minute).

=== Summary ===

Total reads processed:              71,139,349
Reads with adapters:                52,605,222 (73.9%)
Reads written (passing filters):    71,139,349 (100.0%)

Total basepairs processed: 10,670,902,350 bp
Quality-trimmed:             100,480,092 bp (0.9%)
Total written (filtered):  7,891,762,498 bp (74.0%)

=== Adapter 1 ===

Sequence: CTGTCTCTTATA; Type: regular 3'; Length: 12; Trimmed: 52605222 times

Minimum overlap: 1
No. of allowed errors:
1-9 bp: 0; 10-12 bp: 1

Bases preceding removed adapters:
  A: 10.8%
  C: 43.6%
  G: 27.1%
  T: 18.5%
  none/other: 0.0%

Overview of removed sequences
length	count	expect	max.err	error counts
1	6254049	17784837.2	0	6254049
2	2233789	4446209.3	0	2233789
3	892412	1111552.3	0	892412
4	382629	277888.1	0	382629
5	230471	69472.0	0	230471
6	187937	17368.0	0	187937
7	177040	4342.0	0	177040
8	198284	1085.5	0	198284
9	224181	271.4	0	223151 1030
10	212633	67.8	1	199709 12924
11	261504	17.0	1	241318 20186
12	284848	4.2	1	266503 18345
13	291859	4.2	1	270905 20954
14	294309	4.2	1	274331 19978
15	265643	4.2	1	246272 19371
16	267473	4.2	1	248023 19450
17	176615	4.2	1	164640 11975
18	195099	4.2	1	182652 12447
19	203094	4.2	1	190040 13054
20	228725	4.2	1	213537 15188
21	268751	4.2	1	248550 20201
22	294582	4.2	1	279207 15375
23	421622	4.2	1	397845 23777
24	352249	4.2	1	335308 16941
25	378355	4.2	1	358344 20011
26	287283	4.2	1	271821 15462
27	252127	4.2	1	235125 17002
28	201733	4.2	1	190257 11476
29	222716	4.2	1	206070 16646
30	207289	4.2	1	196903 10386
31	295281	4.2	1	276677 18604
32	328999	4.2	1	312880 16119
33	453016	4.2	1	427719 25297
34	399185	4.2	1	378453 20732
35	407300	4.2	1	388538 18762
36	308673	4.2	1	296269 12404
37	299949	4.2	1	284827 15122
38	225306	4.2	1	214852 10454
39	211010	4.2	1	199638 11372
40	236930	4.2	1	221155 15775
41	259169	4.2	1	244297 14872
42	453049	4.2	1	418969 34080
43	462415	4.2	1	441157 21258
44	661392	4.2	1	623934 37458
45	579732	4.2	1	560105 19627
46	293937	4.2	1	280210 13727
47	286523	4.2	1	274233 12290
48	465883	4.2	1	444519 21364
49	329624	4.2	1	313922 15702
50	482399	4.2	1	463305 19094
51	591978	4.2	1	568942 23036
52	1086316	4.2	1	1057953 28363
53	1050326	4.2	1	1026329 23997
54	592338	4.2	1	572546 19792
55	919756	4.2	1	896304 23452
56	803044	4.2	1	784426 18618
57	503234	4.2	1	489462 13772
58	329599	4.2	1	319240 10359
59	317254	4.2	1	307437 9817
60	150458	4.2	1	144890 5568
61	187721	4.2	1	180894 6827
62	426040	4.2	1	414976 11064
63	349610	4.2	1	339900 9710
64	345029	4.2	1	334930 10099
65	504917	4.2	1	491276 13641
66	833334	4.2	1	816178 17156
67	291740	4.2	1	283320 8420
68	375788	4.2	1	366971 8817
69	243731	4.2	1	236699 7032
70	231629	4.2	1	224311 7318
71	81981	4.2	1	77389 4592
72	105555	4.2	1	100731 4824
73	246909	4.2	1	238902 8007
74	481994	4.2	1	470539 11455
75	717022	4.2	1	702023 14999
76	823021	4.2	1	806576 16445
77	748871	4.2	1	733778 15093
78	595618	4.2	1	583685 11933
79	467409	4.2	1	457801 9608
80	363144	4.2	1	355249 7895
81	397016	4.2	1	388756 8260
82	359125	4.2	1	350318 8807
83	593912	4.2	1	581197 12715
84	706260	4.2	1	690975 15285
85	979365	4.2	1	958815 20550
86	1099520	4.2	1	1077368 22152
87	1028079	4.2	1	1007145 20934
88	805306	4.2	1	789418 15888
89	581855	4.2	1	569984 11871
90	442320	4.2	1	433865 8455
91	309271	4.2	1	302585 6686
92	285084	4.2	1	279055 6029
93	369977	4.2	1	361891 8086
94	532757	4.2	1	522505 10252
95	726787	4.2	1	713298 13489
96	889205	4.2	1	873287 15918
97	870698	4.2	1	854984 15714
98	677140	4.2	1	664765 12375
99	471537	4.2	1	462379 9158
100	293684	4.2	1	287732 5952
101	190824	4.2	1	186536 4288
102	143805	4.2	1	140294 3511
103	155812	4.2	1	152354 3458
104	186092	4.2	1	181903 4189
105	212799	4.2	1	208296 4503
106	203673	4.2	1	199252 4421
107	168343	4.2	1	164171 4172
108	120611	4.2	1	117640 2971
109	86308	4.2	1	83163 3145
110	54944	4.2	1	53275 1669
111	33043	4.2	1	31685 1358
112	14558	4.2	1	13585 973
113	10970	4.2	1	10067 903
114	9130	4.2	1	7293 1837
115	6330	4.2	1	5662 668
116	3543	4.2	1	2950 593
117	3876	4.2	1	3154 722
118	2268	4.2	1	1366 902
119	2326	4.2	1	1682 644
120	1150	4.2	1	655 495
121	1715	4.2	1	1203 512
122	754	4.2	1	310 444
123	2008	4.2	1	508 1500
124	665	4.2	1	182 483
125	604	4.2	1	214 390
126	784	4.2	1	218 566
127	583	4.2	1	154 429
128	655	4.2	1	169 486
129	676	4.2	1	209 467
130	1518	4.2	1	193 1325
131	684	4.2	1	146 538
132	691	4.2	1	88 603
133	1106	4.2	1	87 1019
134	541	4.2	1	120 421
135	443	4.2	1	76 367
136	504	4.2	1	68 436
137	567	4.2	1	51 516
138	751	4.2	1	29 722
139	483	4.2	1	41 442
140	849	4.2	1	14 835
141	631	4.2	1	65 566
142	1602	4.2	1	8 1594
143	331	4.2	1	4 327
144	408	4.2	1	6 402
145	155	4.2	1	1 154
146	304	4.2	1	3 301
147	731	4.2	1	10 721
148	379	4.2	1	5 374
149	192	4.2	1	0 192
150	166	4.2	1	17 149

RUN STATISTICS FOR INPUT FILE: DATA/EXOGENOUS/NeuV1_R1_001.fastq.gz
=============================================
71139349 sequences processed in total

