
SUMMARISING RUN PARAMETERS
==========================
Input filename: DATA/ENDOGENOUS/NSCM3_R1_001.fastq.gz
Trimming mode: paired-end
Trim Galore version: 0.6.10
Cutadapt version: 4.9
Python version: could not detect
Number of cores used for trimming: 16
Quality Phred score cutoff: 20
Quality encoding type selected: ASCII+33
Using Nextera adapter for trimming (count: 356085). Second best hit was Illumina (count: 2)
Adapter sequence: 'CTGTCTCTTATA' (Nextera Transposase sequence; auto-detected)
Maximum trimming error rate: 0.1 (default)
Minimum required adapter overlap (stringency): 1 bp
Minimum required sequence length for both reads before a sequence pair gets removed: 20 bp
Running FastQC on the data once trimming has completed
Output file will be GZIP compressed


This is cutadapt 4.9 with Python 3.11.8
Command line parameters: -j 16 -e 0.1 -q 20 -O 1 -a CTGTCTCTTATA DATA/ENDOGENOUS/NSCM3_R1_001.fastq.gz
Processing single-end reads on 16 cores ...
Finished in 268.208 s (3.448 µs/read; 17.40 M reads/minute).

=== Summary ===

Total reads processed:              77,786,468
Reads with adapters:                42,976,024 (55.2%)
Reads written (passing filters):    77,786,468 (100.0%)

Total basepairs processed: 11,667,970,200 bp
Quality-trimmed:              72,722,349 bp (0.6%)
Total written (filtered):  10,235,162,955 bp (87.7%)

=== Adapter 1 ===

Sequence: CTGTCTCTTATA; Type: regular 3'; Length: 12; Trimmed: 42976024 times

Minimum overlap: 1
No. of allowed errors:
1-9 bp: 0; 10-12 bp: 1

Bases preceding removed adapters:
  A: 16.0%
  C: 37.1%
  G: 23.7%
  T: 23.1%
  none/other: 0.0%

Overview of removed sequences
length	count	expect	max.err	error counts
1	10074783	19446617.0	0	10074783
2	3516190	4861654.2	0	3516190
3	1099858	1215413.6	0	1099858
4	532918	303853.4	0	532918
5	308519	75963.3	0	308519
6	256058	18990.8	0	256058
7	213574	4747.7	0	213574
8	205244	1186.9	0	205244
9	254520	296.7	0	253288 1232
10	241263	74.2	1	229531 11732
11	334261	18.5	1	314525 19736
12	342597	4.6	1	329609 12988
13	376780	4.6	1	355231 21549
14	331886	4.6	1	316731 15155
15	328137	4.6	1	310548 17589
16	272930	4.6	1	258809 14121
17	237955	4.6	1	225886 12069
18	218543	4.6	1	207670 10873
19	226969	4.6	1	216014 10955
20	250114	4.6	1	238967 11147
21	323425	4.6	1	306212 17213
22	362116	4.6	1	348510 13606
23	423033	4.6	1	405772 17261
24	425174	4.6	1	410457 14717
25	427400	4.6	1	398251 29149
26	304972	4.6	1	293158 11814
27	267390	4.6	1	254199 13191
28	210364	4.6	1	202196 8168
29	219001	4.6	1	208944 10057
30	243339	4.6	1	235697 7642
31	326819	4.6	1	315042 11777
32	385060	4.6	1	372720 12340
33	445040	4.6	1	429661 15379
34	463923	4.6	1	451078 12845
35	442914	4.6	1	429141 13773
36	358951	4.6	1	348630 10321
37	280730	4.6	1	268944 11786
38	229316	4.6	1	221504 7812
39	202134	4.6	1	193959 8175
40	218311	4.6	1	211326 6985
41	279499	4.6	1	268360 11139
42	392095	4.6	1	378277 13818
43	438458	4.6	1	421071 17387
44	736988	4.6	1	716918 20070
45	387996	4.6	1	378539 9457
46	318786	4.6	1	310856 7930
47	279511	4.6	1	272167 7344
48	353878	4.6	1	342624 11254
49	282672	4.6	1	273430 9242
50	450768	4.6	1	437871 12897
51	421469	4.6	1	411830 9639
52	1195991	4.6	1	1179701 16290
53	1172345	4.6	1	1153436 18909
54	400858	4.6	1	391773 9085
55	810564	4.6	1	800174 10390
56	819709	4.6	1	809235 10474
57	389978	4.6	1	383024 6954
58	188452	4.6	1	182550 5902
59	150808	4.6	1	147277 3531
60	75023	4.6	1	69424 5599
61	80542	4.6	1	78048 2494
62	47046	4.6	1	44865 2181
63	49416	4.6	1	46652 2764
64	91974	4.6	1	88682 3292
65	217319	4.6	1	211818 5501
66	91983	4.6	1	88331 3652
67	75179	4.6	1	71794 3385
68	94584	4.6	1	81728 12856
69	65058	4.6	1	62864 2194
70	49069	4.6	1	46865 2204
71	56780	4.6	1	50258 6522
72	84805	4.6	1	79718 5087
73	177672	4.6	1	158309 19363
74	296679	4.6	1	290495 6184
75	418141	4.6	1	411928 6213
76	453484	4.6	1	447130 6354
77	374573	4.6	1	368397 6176
78	272344	4.6	1	268353 3991
79	173714	4.6	1	170039 3675
80	115290	4.6	1	113050 2240
81	101591	4.6	1	99311 2280
82	122901	4.6	1	113209 9692
83	181671	4.6	1	173283 8388
84	272875	4.6	1	267481 5394
85	367014	4.6	1	361715 5299
86	420050	4.6	1	414170 5880
87	359766	4.6	1	353774 5992
88	261437	4.6	1	254782 6655
89	152722	4.6	1	149600 3122
90	90994	4.6	1	88536 2458
91	59822	4.6	1	56483 3339
92	57367	4.6	1	55385 1982
93	83627	4.6	1	78796 4831
94	124169	4.6	1	120241 3928
95	181583	4.6	1	178247 3336
96	222887	4.6	1	218046 4841
97	204430	4.6	1	200768 3662
98	155072	4.6	1	151205 3867
99	99133	4.6	1	95463 3670
100	52789	4.6	1	50545 2244
101	25963	4.6	1	24055 1908
102	17908	4.6	1	15453 2455
103	20523	4.6	1	19228 1295
104	28710	4.6	1	26120 2590
105	35064	4.6	1	33274 1790
106	35440	4.6	1	34030 1410
107	28333	4.6	1	26608 1725
108	21132	4.6	1	19383 1749
109	23215	4.6	1	13276 9939
110	8719	4.6	1	7819 900
111	5093	4.6	1	3873 1220
112	5391	4.6	1	1595 3796
113	3746	4.6	1	1347 2399
114	14776	4.6	1	1594 13182
115	1583	4.6	1	1153 430
116	1241	4.6	1	796 445
117	1489	4.6	1	518 971
118	7841	4.6	1	320 7521
119	3656	4.6	1	181 3475
120	652	4.6	1	136 516
121	2393	4.6	1	91 2302
122	1137	4.6	1	87 1050
123	20288	4.6	1	69 20219
124	1420	4.6	1	65 1355
125	765	4.6	1	91 674
126	1079	4.6	1	90 989
127	543	4.6	1	84 459
128	1510	4.6	1	32 1478
129	964	4.6	1	64 900
130	19437	4.6	1	76 19361
131	5154	4.6	1	39 5115
132	4014	4.6	1	46 3968
133	5975	4.6	1	31 5944
134	623	4.6	1	25 598
135	430	4.6	1	21 409
136	1032	4.6	1	33 999
137	751	4.6	1	51 700
138	2671	4.6	1	56 2615
139	677	4.6	1	48 629
140	5860	4.6	1	43 5817
141	2819	4.6	1	68 2751
142	5449	4.6	1	46 5403
143	1335	4.6	1	19 1316
144	3221	4.6	1	32 3189
145	488	4.6	1	21 467
146	644	4.6	1	174 470
147	1795	4.6	1	75 1720
148	764	4.6	1	17 747
149	921	4.6	1	129 792
150	5479	4.6	1	4758 721

RUN STATISTICS FOR INPUT FILE: DATA/ENDOGENOUS/NSCM3_R1_001.fastq.gz
=============================================
77786468 sequences processed in total

