
SUMMARISING RUN PARAMETERS
==========================
Input filename: DATA/ENDOGENOUS/NSCM3_R2_001.fastq.gz
Trimming mode: paired-end
Trim Galore version: 0.6.10
Cutadapt version: 4.9
Python version: could not detect
Number of cores used for trimming: 16
Quality Phred score cutoff: 20
Quality encoding type selected: ASCII+33
Using Nextera adapter for trimming (count: 356085). Second best hit was Illumina (count: 2)
Adapter sequence: 'CTGTCTCTTATA' (Nextera Transposase sequence; auto-detected)
Maximum trimming error rate: 0.1 (default)
Minimum required adapter overlap (stringency): 1 bp
Minimum required sequence length for both reads before a sequence pair gets removed: 20 bp
Running FastQC on the data once trimming has completed
Output file will be GZIP compressed


This is cutadapt 4.9 with Python 3.11.8
Command line parameters: -j 16 -e 0.1 -q 20 -O 1 -a CTGTCTCTTATA DATA/ENDOGENOUS/NSCM3_R2_001.fastq.gz
Processing single-end reads on 16 cores ...
Finished in 269.729 s (3.468 µs/read; 17.30 M reads/minute).

=== Summary ===

Total reads processed:              77,786,468
Reads with adapters:                42,962,383 (55.2%)
Reads written (passing filters):    77,786,468 (100.0%)

Total basepairs processed: 11,667,970,200 bp
Quality-trimmed:              40,601,152 bp (0.3%)
Total written (filtered):  10,229,299,796 bp (87.7%)

=== Adapter 1 ===

Sequence: CTGTCTCTTATA; Type: regular 3'; Length: 12; Trimmed: 42962383 times

Minimum overlap: 1
No. of allowed errors:
1-9 bp: 0; 10-12 bp: 1

Bases preceding removed adapters:
  A: 16.0%
  C: 37.3%
  G: 23.7%
  T: 22.9%
  none/other: 0.0%

Overview of removed sequences
length	count	expect	max.err	error counts
1	10234042	19446617.0	0	10234042
2	3541165	4861654.2	0	3541165
3	1081886	1215413.6	0	1081886
4	524161	303853.4	0	524161
5	310042	75963.3	0	310042
6	252935	18990.8	0	252935
7	214485	4747.7	0	214485
8	203909	1186.9	0	203909
9	251333	296.7	0	250235 1098
10	240978	74.2	1	229985 10993
11	332544	18.5	1	314102 18442
12	342109	4.6	1	330129 11980
13	373319	4.6	1	354003 19316
14	330809	4.6	1	316588 14221
15	325554	4.6	1	309398 16156
16	275428	4.6	1	261669 13759
17	235544	4.6	1	224139 11405
18	219659	4.6	1	208584 11075
19	227567	4.6	1	215635 11932
20	253788	4.6	1	243699 10089
21	300288	4.6	1	288049 12239
22	369699	4.6	1	354236 15463
23	420022	4.6	1	405402 14620
24	422822	4.6	1	407668 15154
25	431627	4.6	1	402837 28790
26	306611	4.6	1	295511 11100
27	256023	4.6	1	245446 10577
28	213788	4.6	1	203986 9802
29	210238	4.6	1	202040 8198
30	270506	4.6	1	260783 9723
31	298248	4.6	1	288701 9547
32	374878	4.6	1	363865 11013
33	438456	4.6	1	423615 14841
34	468881	4.6	1	455707 13174
35	428734	4.6	1	416935 11799
36	355695	4.6	1	345855 9840
37	281611	4.6	1	270022 11589
38	230179	4.6	1	221968 8211
39	197241	4.6	1	190167 7074
40	208309	4.6	1	202035 6274
41	275909	4.6	1	265620 10289
42	325786	4.6	1	316775 9011
43	422252	4.6	1	409513 12739
44	449870	4.6	1	437166 12704
45	478048	4.6	1	466491 11557
46	409581	4.6	1	398934 10647
47	317539	4.6	1	309212 8327
48	236082	4.6	1	228743 7339
49	196367	4.6	1	189270 7097
50	222511	4.6	1	212717 9794
51	195566	4.6	1	190342 5224
52	341305	4.6	1	331783 9522
53	455620	4.6	1	441690 13930
54	377526	4.6	1	368018 9508
55	486811	4.6	1	475616 11195
56	441390	4.6	1	430595 10795
57	355983	4.6	1	347759 8224
58	251334	4.6	1	243740 7594
59	185150	4.6	1	180191 4959
60	165424	4.6	1	156786 8638
61	179971	4.6	1	174926 5045
62	253676	4.6	1	246530 7146
63	341456	4.6	1	333822 7634
64	482819	4.6	1	472786 10033
65	691861	4.6	1	679405 12456
66	450131	4.6	1	442268 7863
67	259911	4.6	1	254363 5548
68	156915	4.6	1	142672 14243
69	176585	4.6	1	173510 3075
70	135058	4.6	1	132229 2829
71	132339	4.6	1	125112 7227
72	177058	4.6	1	171270 5788
73	273808	4.6	1	251537 22271
74	381249	4.6	1	373261 7988
75	485918	4.6	1	477321 8597
76	502885	4.6	1	494513 8372
77	407973	4.6	1	400067 7906
78	292916	4.6	1	287645 5271
79	184074	4.6	1	179600 4474
80	116880	4.6	1	114288 2592
81	97629	4.6	1	94976 2653
82	112920	4.6	1	103809 9111
83	173793	4.6	1	163476 10317
84	268714	4.6	1	263010 5704
85	375140	4.6	1	368958 6182
86	442125	4.6	1	434954 7171
87	381588	4.6	1	374190 7398
88	279344	4.6	1	272192 7152
89	162473	4.6	1	158775 3698
90	94341	4.6	1	91829 2512
91	59255	4.6	1	56021 3234
92	54786	4.6	1	52620 2166
93	79545	4.6	1	75272 4273
94	122045	4.6	1	117906 4139
95	182357	4.6	1	178806 3551
96	229212	4.6	1	223272 5940
97	211542	4.6	1	207694 3848
98	160674	4.6	1	156556 4118
99	102631	4.6	1	98830 3801
100	54330	4.6	1	52070 2260
101	25958	4.6	1	24280 1678
102	17278	4.6	1	15065 2213
103	19867	4.6	1	18842 1025
104	28785	4.6	1	25903 2882
105	35093	4.6	1	33244 1849
106	35784	4.6	1	34371 1413
107	28819	4.6	1	27022 1797
108	21415	4.6	1	19496 1919
109	24037	4.6	1	13476 10561
110	8465	4.6	1	7944 521
111	5570	4.6	1	3972 1598
112	5750	4.6	1	1588 4162
113	4126	4.6	1	1355 2771
114	14707	4.6	1	1602 13105
115	1600	4.6	1	1122 478
116	1445	4.6	1	779 666
117	1733	4.6	1	528 1205
118	8058	4.6	1	314 7744
119	3658	4.6	1	180 3478
120	479	4.6	1	155 324
121	1984	4.6	1	102 1882
122	877	4.6	1	91 786
123	19082	4.6	1	112 18970
124	1404	4.6	1	77 1327
125	763	4.6	1	63 700
126	818	4.6	1	67 751
127	593	4.6	1	56 537
128	1765	4.6	1	40 1725
129	1085	4.6	1	77 1008
130	18109	4.6	1	76 18033
131	5491	4.6	1	36 5455
132	3633	4.6	1	41 3592
133	6551	4.6	1	32 6519
134	355	4.6	1	27 328
135	307	4.6	1	21 286
136	1127	4.6	1	35 1092
137	643	4.6	1	43 600
138	2726	4.6	1	63 2663
139	473	4.6	1	27 446
140	6317	4.6	1	73 6244
141	2516	4.6	1	69 2447
142	4963	4.6	1	27 4936
143	1210	4.6	1	14 1196
144	3502	4.6	1	28 3474
145	517	4.6	1	12 505
146	508	4.6	1	163 345
147	1670	4.6	1	77 1593
148	1149	4.6	1	10 1139
149	590	4.6	1	68 522
150	5934	4.6	1	4777 1157

RUN STATISTICS FOR INPUT FILE: DATA/ENDOGENOUS/NSCM3_R2_001.fastq.gz
=============================================
77786468 sequences processed in total

Total number of sequences analysed for the sequence pair length validation: 77786468

Number of sequence pairs removed because at least one read was shorter than the length cutoff (20 bp): 126694 (0.16%)
