
SUMMARISING RUN PARAMETERS
==========================
Input filename: DATA/EXOGENOUS/NSCv2_R1_001.fastq.gz
Trimming mode: paired-end
Trim Galore version: 0.6.10
Cutadapt version: 4.9
Python version: could not detect
Number of cores used for trimming: 16
Quality Phred score cutoff: 20
Quality encoding type selected: ASCII+33
Using Nextera adapter for trimming (count: 288357). Second best hit was Illumina (count: 2)
Adapter sequence: 'CTGTCTCTTATA' (Nextera Transposase sequence; auto-detected)
Maximum trimming error rate: 0.1 (default)
Minimum required adapter overlap (stringency): 1 bp
Minimum required sequence length for both reads before a sequence pair gets removed: 20 bp
Running FastQC on the data once trimming has completed
Output file will be GZIP compressed


This is cutadapt 4.9 with Python 3.11.8
Command line parameters: -j 16 -e 0.1 -q 20 -O 1 -a CTGTCTCTTATA DATA/EXOGENOUS/NSCv2_R1_001.fastq.gz
Processing single-end reads on 16 cores ...
Finished in 335.147 s (3.723 µs/read; 16.11 M reads/minute).

=== Summary ===

Total reads processed:              90,013,960
Reads with adapters:                47,164,101 (52.4%)
Reads written (passing filters):    90,013,960 (100.0%)

Total basepairs processed: 13,502,094,000 bp
Quality-trimmed:              74,999,555 bp (0.6%)
Total written (filtered):  11,812,367,999 bp (87.5%)

=== Adapter 1 ===

Sequence: CTGTCTCTTATA; Type: regular 3'; Length: 12; Trimmed: 47164101 times

Minimum overlap: 1
No. of allowed errors:
1-9 bp: 0; 10-12 bp: 1

Bases preceding removed adapters:
  A: 18.1%
  C: 34.8%
  G: 23.1%
  T: 23.9%
  none/other: 0.0%

Overview of removed sequences
length	count	expect	max.err	error counts
1	11643906	22503490.0	0	11643906
2	4702464	5625872.5	0	4702464
3	1027768	1406468.1	0	1027768
4	522645	351617.0	0	522645
5	288079	87904.3	0	288079
6	229642	21976.1	0	229642
7	224024	5494.0	0	224024
8	243599	1373.5	0	243599
9	238405	343.4	0	236531 1874
10	248753	85.8	1	227454 21299
11	264567	21.5	1	243599 20968
12	334771	5.4	1	304563 30208
13	272574	5.4	1	253907 18667
14	311264	5.4	1	283019 28245
15	268254	5.4	1	249502 18752
16	378166	5.4	1	341915 36251
17	161481	5.4	1	148644 12837
18	220044	5.4	1	203788 16256
19	213201	5.4	1	197750 15451
20	320782	5.4	1	298367 22415
21	284952	5.4	1	264497 20455
22	186090	5.4	1	175257 10833
23	453504	5.4	1	418812 34692
24	296822	5.4	1	280333 16489
25	289834	5.4	1	262847 26987
26	265015	5.4	1	247167 17848
27	226644	5.4	1	209940 16704
28	207011	5.4	1	190624 16387
29	314608	5.4	1	288665 25943
30	116911	5.4	1	108354 8557
31	338248	5.4	1	310593 27655
32	226064	5.4	1	211699 14365
33	370055	5.4	1	336703 33352
34	414022	5.4	1	378185 35837
35	405136	5.4	1	364790 40346
36	235408	5.4	1	216492 18916
37	240452	5.4	1	214167 26285
38	174460	5.4	1	155350 19110
39	200754	5.4	1	176835 23919
40	262396	5.4	1	230398 31998
41	256435	5.4	1	221631 34804
42	188288	5.4	1	166329 21959
43	364711	5.4	1	295922 68789
44	379604	5.4	1	319907 59697
45	468616	5.4	1	403411 65205
46	331599	5.4	1	281900 49699
47	305824	5.4	1	264755 41069
48	218991	5.4	1	191880 27111
49	281260	5.4	1	248356 32904
50	175267	5.4	1	153182 22085
51	576923	5.4	1	524669 52254
52	227923	5.4	1	202618 25305
53	276376	5.4	1	251454 24922
54	512290	5.4	1	477171 35119
55	275231	5.4	1	257339 17892
56	453947	5.4	1	430027 23920
57	314315	5.4	1	296695 17620
58	372059	5.4	1	351683 20376
59	426826	5.4	1	405954 20872
60	157456	5.4	1	144686 12770
61	463631	5.4	1	439135 24496
62	305792	5.4	1	288365 17427
63	276916	5.4	1	260277 16639
64	559564	5.4	1	533481 26083
65	1140018	5.4	1	1092724 47294
66	848373	5.4	1	813321 35052
67	344226	5.4	1	325540 18686
68	355678	5.4	1	333468 22210
69	248963	5.4	1	235043 13920
70	246611	5.4	1	231898 14713
71	73664	5.4	1	64658 9006
72	59911	5.4	1	52495 7416
73	88441	5.4	1	71620 16821
74	130139	5.4	1	118234 11905
75	214560	5.4	1	199653 14907
76	286681	5.4	1	269740 16941
77	291462	5.4	1	276634 14828
78	261112	5.4	1	248031 13081
79	213226	5.4	1	202543 10683
80	171138	5.4	1	161076 10062
81	167593	5.4	1	157657 9936
82	179247	5.4	1	165248 13999
83	262987	5.4	1	247561 15426
84	373709	5.4	1	354604 19105
85	517859	5.4	1	493485 24374
86	607475	5.4	1	584168 23307
87	559296	5.4	1	535857 23439
88	411294	5.4	1	387767 23527
89	250732	5.4	1	238486 12246
90	161887	5.4	1	153185 8702
91	117780	5.4	1	110964 6816
92	113449	5.4	1	107102 6347
93	151434	5.4	1	142057 9377
94	219854	5.4	1	205900 13954
95	331031	5.4	1	310895 20136
96	410915	5.4	1	390874 20041
97	393259	5.4	1	376569 16690
98	297011	5.4	1	283713 13298
99	183993	5.4	1	175066 8927
100	99815	5.4	1	94520 5295
101	54648	5.4	1	50817 3831
102	38956	5.4	1	35271 3685
103	41225	5.4	1	38081 3144
104	50507	5.4	1	45962 4545
105	63133	5.4	1	58168 4965
106	62432	5.4	1	57312 5120
107	51286	5.4	1	46016 5270
108	39125	5.4	1	34334 4791
109	32553	5.4	1	24063 8490
110	13998	5.4	1	12292 1706
111	9163	5.4	1	7326 1837
112	6242	5.4	1	3326 2916
113	4798	5.4	1	2742 2056
114	11295	5.4	1	2474 8821
115	2717	5.4	1	1938 779
116	1706	5.4	1	970 736
117	2022	5.4	1	818 1204
118	4882	5.4	1	375 4507
119	2639	5.4	1	382 2257
120	812	5.4	1	159 653
121	1519	5.4	1	235 1284
122	3154	5.4	1	330 2824
123	9796	5.4	1	153 9643
124	1358	5.4	1	110 1248
125	685	5.4	1	65 620
126	764	5.4	1	44 720
127	536	5.4	1	52 484
128	1442	5.4	1	121 1321
129	2415	5.4	1	988 1427
130	14743	5.4	1	102 14641
131	4030	5.4	1	120 3910
132	3153	5.4	1	78 3075
133	4402	5.4	1	126 4276
134	682	5.4	1	76 606
135	540	5.4	1	87 453
136	973	5.4	1	69 904
137	1032	5.4	1	273 759
138	2579	5.4	1	227 2352
139	1250	5.4	1	51 1199
140	5356	5.4	1	50 5306
141	2132	5.4	1	215 1917
142	3640	5.4	1	52 3588
143	1241	5.4	1	60 1181
144	2360	5.4	1	35 2325
145	637	5.4	1	192 445
146	1074	5.4	1	580 494
147	1824	5.4	1	307 1517
148	895	5.4	1	59 836
149	1609	5.4	1	742 867
150	16699	5.4	1	15120 1579

RUN STATISTICS FOR INPUT FILE: DATA/EXOGENOUS/NSCv2_R1_001.fastq.gz
=============================================
90013960 sequences processed in total

