
SUMMARISING RUN PARAMETERS
==========================
Input filename: DATA/EXOGENOUS/NSCv2_R2_001.fastq.gz
Trimming mode: paired-end
Trim Galore version: 0.6.10
Cutadapt version: 4.9
Python version: could not detect
Number of cores used for trimming: 16
Quality Phred score cutoff: 20
Quality encoding type selected: ASCII+33
Using Nextera adapter for trimming (count: 288357). Second best hit was Illumina (count: 2)
Adapter sequence: 'CTGTCTCTTATA' (Nextera Transposase sequence; auto-detected)
Maximum trimming error rate: 0.1 (default)
Minimum required adapter overlap (stringency): 1 bp
Minimum required sequence length for both reads before a sequence pair gets removed: 20 bp
Running FastQC on the data once trimming has completed
Output file will be GZIP compressed


This is cutadapt 4.9 with Python 3.11.8
Command line parameters: -j 16 -e 0.1 -q 20 -O 1 -a CTGTCTCTTATA DATA/EXOGENOUS/NSCv2_R2_001.fastq.gz
Processing single-end reads on 16 cores ...
Finished in 283.841 s (3.153 µs/read; 19.03 M reads/minute).

=== Summary ===

Total reads processed:              90,013,960
Reads with adapters:                47,529,990 (52.8%)
Reads written (passing filters):    90,013,960 (100.0%)

Total basepairs processed: 13,502,094,000 bp
Quality-trimmed:              40,993,084 bp (0.3%)
Total written (filtered):  11,789,083,573 bp (87.3%)

=== Adapter 1 ===

Sequence: CTGTCTCTTATA; Type: regular 3'; Length: 12; Trimmed: 47529990 times

Minimum overlap: 1
No. of allowed errors:
1-9 bp: 0; 10-12 bp: 1

Bases preceding removed adapters:
  A: 17.6%
  C: 35.0%
  G: 23.6%
  T: 23.8%
  none/other: 0.0%

Overview of removed sequences
length	count	expect	max.err	error counts
1	11212446	22503490.0	0	11212446
2	4571218	5625872.5	0	4571218
3	1271117	1406468.1	0	1271117
4	569569	351617.0	0	569569
5	304831	87904.3	0	304831
6	246417	21976.1	0	246417
7	227524	5494.0	0	227524
8	268354	1373.5	0	268354
9	244968	343.4	0	243202 1766
10	247544	85.8	1	226671 20873
11	282279	21.5	1	262661 19618
12	324891	5.4	1	303761 21130
13	289980	5.4	1	273561 16419
14	308363	5.4	1	289958 18405
15	277860	5.4	1	264583 13277
16	272705	5.4	1	254148 18557
17	241335	5.4	1	228896 12439
18	213758	5.4	1	204253 9505
19	250334	5.4	1	240276 10058
20	221636	5.4	1	214909 6727
21	282570	5.4	1	269613 12957
22	387102	5.4	1	372468 14634
23	292529	5.4	1	281116 11413
24	332679	5.4	1	319786 12893
25	375240	5.4	1	349737 25503
26	279329	5.4	1	267526 11803
27	212265	5.4	1	202893 9372
28	203726	5.4	1	196002 7724
29	198604	5.4	1	191055 7549
30	231419	5.4	1	221227 10192
31	299672	5.4	1	286313 13359
32	283912	5.4	1	273139 10773
33	355003	5.4	1	337799 17204
34	398197	5.4	1	378687 19510
35	326724	5.4	1	311243 15481
36	286820	5.4	1	268746 18074
37	257640	5.4	1	237319 20321
38	229715	5.4	1	211823 17892
39	166301	5.4	1	155524 10777
40	214018	5.4	1	200522 13496
41	251014	5.4	1	234689 16325
42	272194	5.4	1	260316 11878
43	335163	5.4	1	317246 17917
44	457639	5.4	1	438395 19244
45	313097	5.4	1	300815 12282
46	325227	5.4	1	314059 11168
47	285850	5.4	1	275703 10147
48	238634	5.4	1	230246 8388
49	203018	5.4	1	196975 6043
50	201945	5.4	1	194887 7058
51	291866	5.4	1	284824 7042
52	233923	5.4	1	227215 6708
53	361274	5.4	1	349652 11622
54	403017	5.4	1	393997 9020
55	513013	5.4	1	501522 11491
56	388624	5.4	1	382156 6468
57	284203	5.4	1	279047 5156
58	235986	5.4	1	230116 5870
59	228377	5.4	1	223594 4783
60	253723	5.4	1	245310 8413
61	206608	5.4	1	202335 4273
62	283902	5.4	1	277961 5941
63	445790	5.4	1	436723 9067
64	435603	5.4	1	426250 9353
65	847316	5.4	1	830169 17147
66	712066	5.4	1	697773 14293
67	900805	5.4	1	884610 16195
68	309334	5.4	1	294473 14861
69	88042	5.4	1	82937 5105
70	101748	5.4	1	97355 4393
71	122593	5.4	1	116179 6414
72	180104	5.4	1	173788 6316
73	275426	5.4	1	257328 18098
74	377044	5.4	1	367303 9741
75	467738	5.4	1	457581 10157
76	499228	5.4	1	490034 9194
77	420949	5.4	1	413492 7457
78	341770	5.4	1	336124 5646
79	248694	5.4	1	244443 4251
80	177157	5.4	1	173696 3461
81	183094	5.4	1	179826 3268
82	204191	5.4	1	195952 8239
83	268103	5.4	1	260450 7653
84	408474	5.4	1	401853 6621
85	562903	5.4	1	555588 7315
86	576497	5.4	1	568315 8182
87	574940	5.4	1	567345 7595
88	416043	5.4	1	410436 5607
89	248986	5.4	1	245126 3860
90	171726	5.4	1	168543 3183
91	147357	5.4	1	143293 4064
92	151533	5.4	1	148333 3200
93	160586	5.4	1	156037 4549
94	220433	5.4	1	215773 4660
95	318954	5.4	1	314139 4815
96	375420	5.4	1	368330 7090
97	396703	5.4	1	391466 5237
98	287242	5.4	1	282506 4736
99	185817	5.4	1	182437 3380
100	99910	5.4	1	97464 2446
101	54020	5.4	1	51749 2271
102	38647	5.4	1	36058 2589
103	41653	5.4	1	40236 1417
104	49871	5.4	1	47366 2505
105	64206	5.4	1	62471 1735
106	63553	5.4	1	61757 1796
107	50509	5.4	1	48640 1869
108	38303	5.4	1	36227 2076
109	33729	5.4	1	26204 7525
110	14545	5.4	1	13795 750
111	9062	5.4	1	8037 1025
112	6862	5.4	1	3524 3338
113	4743	5.4	1	3000 1743
114	12879	5.4	1	2573 10306
115	2602	5.4	1	2054 548
116	1678	5.4	1	1061 617
117	1807	5.4	1	906 901
118	5189	5.4	1	394 4795
119	2789	5.4	1	374 2415
120	850	5.4	1	177 673
121	1746	5.4	1	254 1492
122	2243	5.4	1	374 1869
123	11385	5.4	1	148 11237
124	1231	5.4	1	82 1149
125	683	5.4	1	71 612
126	893	5.4	1	53 840
127	681	5.4	1	51 630
128	1273	5.4	1	94 1179
129	2038	5.4	1	1020 1018
130	15267	5.4	1	88 15179
131	3728	5.4	1	135 3593
132	2796	5.4	1	78 2718
133	4772	5.4	1	109 4663
134	504	5.4	1	75 429
135	788	5.4	1	91 697
136	1187	5.4	1	123 1064
137	913	5.4	1	274 639
138	2336	5.4	1	235 2101
139	1107	5.4	1	70 1037
140	5031	5.4	1	97 4934
141	2729	5.4	1	225 2504
142	4079	5.4	1	31 4048
143	1141	5.4	1	57 1084
144	2417	5.4	1	21 2396
145	394	5.4	1	200 194
146	1084	5.4	1	614 470
147	1702	5.4	1	313 1389
148	743	5.4	1	32 711
149	1139	5.4	1	683 456
150	17253	5.4	1	16405 848

RUN STATISTICS FOR INPUT FILE: DATA/EXOGENOUS/NSCv2_R2_001.fastq.gz
=============================================
90013960 sequences processed in total

Total number of sequences analysed for the sequence pair length validation: 90013960

Number of sequence pairs removed because at least one read was shorter than the length cutoff (20 bp): 102977 (0.11%)
