
SUMMARISING RUN PARAMETERS
==========================
Input filename: DATA/POL2/TG1_R2_001.fastq.gz
Trimming mode: paired-end
Trim Galore version: 0.6.10
Cutadapt version: 4.9
Python version: could not detect
Number of cores used for trimming: 16
Quality Phred score cutoff: 20
Quality encoding type selected: ASCII+33
Using Nextera adapter for trimming (count: 894516). Second best hit was Illumina (count: 7)
Adapter sequence: 'CTGTCTCTTATA' (Nextera Transposase sequence; auto-detected)
Maximum trimming error rate: 0.1 (default)
Minimum required adapter overlap (stringency): 1 bp
Minimum required sequence length for both reads before a sequence pair gets removed: 20 bp
Running FastQC on the data once trimming has completed
Output file will be GZIP compressed


This is cutadapt 4.9 with Python 3.11.8
Command line parameters: -j 16 -e 0.1 -q 20 -O 1 -a CTGTCTCTTATA DATA/POL2/TG1_R2_001.fastq.gz
Processing single-end reads on 16 cores ...
Finished in 303.541 s (2.324 µs/read; 25.81 M reads/minute).

=== Summary ===

Total reads processed:             130,583,343
Reads with adapters:               123,377,954 (94.5%)
Reads written (passing filters):   130,583,343 (100.0%)

Total basepairs processed: 19,587,501,450 bp
Quality-trimmed:              64,970,819 bp (0.3%)
Total written (filtered):  10,572,899,522 bp (54.0%)

=== Adapter 1 ===

Sequence: CTGTCTCTTATA; Type: regular 3'; Length: 12; Trimmed: 123377954 times

Minimum overlap: 1
No. of allowed errors:
1-9 bp: 0; 10-12 bp: 1

Bases preceding removed adapters:
  A: 9.4%
  C: 47.0%
  G: 25.5%
  T: 18.1%
  none/other: 0.0%

Overview of removed sequences
length	count	expect	max.err	error counts
1	2645866	32645835.8	0	2645866
2	773688	8161458.9	0	773688
3	425736	2040364.7	0	425736
4	283812	510091.2	0	283812
5	263747	127522.8	0	263747
6	268384	31880.7	0	268384
7	260078	7970.2	0	260078
8	273069	1992.5	0	273069
9	291926	498.1	0	291854 72
10	276160	124.5	1	271917 4243
11	313376	31.1	1	303800 9576
12	296900	7.8	1	291632 5268
13	320823	7.8	1	311455 9368
14	315405	7.8	1	309076 6329
15	335721	7.8	1	325290 10431
16	335726	7.8	1	327810 7916
17	339266	7.8	1	331265 8001
18	360808	7.8	1	350053 10755
19	378956	7.8	1	365754 13202
20	372923	7.8	1	364557 8366
21	376057	7.8	1	367774 8283
22	403384	7.8	1	390966 12418
23	400924	7.8	1	392859 8065
24	420168	7.8	1	409626 10542
25	435075	7.8	1	422145 12930
26	431592	7.8	1	423008 8584
27	453950	7.8	1	443092 10858
28	478169	7.8	1	461623 16546
29	475041	7.8	1	463284 11757
30	476465	7.8	1	464793 11672
31	506049	7.8	1	490687 15362
32	507424	7.8	1	495870 11554
33	524778	7.8	1	511927 12851
34	526202	7.8	1	514846 11356
35	549011	7.8	1	534967 14044
36	554899	7.8	1	542798 12101
37	584243	7.8	1	567833 16410
38	585883	7.8	1	571995 13888
39	600572	7.8	1	586860 13712
40	608384	7.8	1	595376 13008
41	647452	7.8	1	632329 15123
42	659395	7.8	1	644477 14918
43	698468	7.8	1	679752 18716
44	706390	7.8	1	685799 20591
45	702355	7.8	1	687169 15186
46	714705	7.8	1	701591 13114
47	752167	7.8	1	734005 18162
48	766431	7.8	1	749575 16856
49	779304	7.8	1	763293 16011
50	834788	7.8	1	812310 22478
51	820786	7.8	1	801127 19659
52	854188	7.8	1	835547 18641
53	937198	7.8	1	916699 20499
54	825946	7.8	1	808086 17860
55	894134	7.8	1	877204 16930
56	929921	7.8	1	909628 20293
57	931602	7.8	1	913901 17701
58	979119	7.8	1	958023 21096
59	1045055	7.8	1	1020809 24246
60	1022039	7.8	1	1003004 19035
61	1079632	7.8	1	1058405 21227
62	1177973	7.8	1	1148350 29623
63	1158803	7.8	1	1133142 25661
64	1173170	7.8	1	1147405 25765
65	1324078	7.8	1	1293334 30744
66	1422997	7.8	1	1396853 26144
67	2040270	7.8	1	2018709 21561
68	416611	7.8	1	407388 9223
69	1072751	7.8	1	1058783 13968
70	1293023	7.8	1	1276930 16093
71	1347738	7.8	1	1330102 17636
72	1387322	7.8	1	1369154 18168
73	1407049	7.8	1	1388542 18507
74	1445373	7.8	1	1426306 19067
75	1469788	7.8	1	1449436 20352
76	1548085	7.8	1	1525927 22158
77	1527267	7.8	1	1505222 22045
78	1594726	7.8	1	1571851 22875
79	1650950	7.8	1	1627620 23330
80	1729886	7.8	1	1706610 23276
81	1798084	7.8	1	1773028 25056
82	1846910	7.8	1	1821325 25585
83	1847189	7.8	1	1822362 24827
84	1882507	7.8	1	1858180 24327
85	1870430	7.8	1	1846794 23636
86	1934162	7.8	1	1908288 25874
87	1912112	7.8	1	1888175 23937
88	1980936	7.8	1	1954688 26248
89	2077809	7.8	1	2050396 27413
90	2163269	7.8	1	2135391 27878
91	2291919	7.8	1	2261167 30752
92	2351611	7.8	1	2317893 33718
93	2372770	7.8	1	2338018 34752
94	2380734	7.8	1	2346819 33915
95	2293563	7.8	1	2261523 32040
96	2304121	7.8	1	2270433 33688
97	2204554	7.8	1	2173839 30715
98	2175939	7.8	1	2144821 31118
99	2192649	7.8	1	2160953 31696
100	2218208	7.8	1	2189502 28706
101	2239451	7.8	1	2211568 27883
102	2241019	7.8	1	2214418 26601
103	2203275	7.8	1	2175661 27614
104	2119565	7.8	1	2093445 26120
105	1858213	7.8	1	1835389 22824
106	1609577	7.8	1	1589124 20453
107	1289044	7.8	1	1272317 16727
108	1063380	7.8	1	1049325 14055
109	882432	7.8	1	870657 11775
110	720250	7.8	1	710716 9534
111	589203	7.8	1	581196 8007
112	468881	7.8	1	462077 6804
113	373899	7.8	1	368279 5620
114	280857	7.8	1	276244 4613
115	153226	7.8	1	150990 2236
116	92576	7.8	1	91233 1343
117	71190	7.8	1	70060 1130
118	51105	7.8	1	50311 794
119	35804	7.8	1	34583 1221
120	26876	7.8	1	26272 604
121	23930	7.8	1	23330 600
122	17714	7.8	1	17301 413
123	11363	7.8	1	10972 391
124	10903	7.8	1	10541 362
125	6374	7.8	1	5765 609
126	6679	7.8	1	6178 501
127	4094	7.8	1	3665 429
128	3000	7.8	1	2827 173
129	3076	7.8	1	2734 342
130	1770	7.8	1	1527 243
131	2106	7.8	1	1648 458
132	950	7.8	1	644 306
133	531	7.8	1	374 157
134	622	7.8	1	315 307
135	297	7.8	1	145 152
136	327	7.8	1	156 171
137	1716	7.8	1	219 1497
138	344	7.8	1	97 247
139	219	7.8	1	71 148
140	277	7.8	1	76 201
141	528	7.8	1	139 389
142	1488	7.8	1	170 1318
143	236	7.8	1	35 201
144	211	7.8	1	107 104
145	219	7.8	1	160 59
146	1814	7.8	1	1705 109
147	1747	7.8	1	599 1148
148	406	7.8	1	57 349
149	197	7.8	1	132 65
150	5942	7.8	1	5814 128

RUN STATISTICS FOR INPUT FILE: DATA/POL2/TG1_R2_001.fastq.gz
=============================================
130583343 sequences processed in total

Total number of sequences analysed for the sequence pair length validation: 130583343

Number of sequence pairs removed because at least one read was shorter than the length cutoff (20 bp): 51707 (0.04%)
