
SUMMARISING RUN PARAMETERS
==========================
Input filename: DATA/POL2/TG2_R1_001.fastq.gz
Trimming mode: paired-end
Trim Galore version: 0.6.10
Cutadapt version: 4.9
Python version: could not detect
Number of cores used for trimming: 16
Quality Phred score cutoff: 20
Quality encoding type selected: ASCII+33
Using Nextera adapter for trimming (count: 887393). Second best hit was Illumina (count: 5)
Adapter sequence: 'CTGTCTCTTATA' (Nextera Transposase sequence; auto-detected)
Maximum trimming error rate: 0.1 (default)
Minimum required adapter overlap (stringency): 1 bp
Minimum required sequence length for both reads before a sequence pair gets removed: 20 bp
Running FastQC on the data once trimming has completed
Output file will be GZIP compressed


This is cutadapt 4.9 with Python 3.11.8
Command line parameters: -j 16 -e 0.1 -q 20 -O 1 -a CTGTCTCTTATA DATA/POL2/TG2_R1_001.fastq.gz
Processing single-end reads on 16 cores ...
Finished in 254.222 s (1.799 µs/read; 33.35 M reads/minute).

=== Summary ===

Total reads processed:             141,307,931
Reads with adapters:               133,930,641 (94.8%)
Reads written (passing filters):   141,307,931 (100.0%)

Total basepairs processed: 21,196,189,650 bp
Quality-trimmed:             166,791,531 bp (0.8%)
Total written (filtered):  11,728,512,725 bp (55.3%)

=== Adapter 1 ===

Sequence: CTGTCTCTTATA; Type: regular 3'; Length: 12; Trimmed: 133930641 times

Minimum overlap: 1
No. of allowed errors:
1-9 bp: 0; 10-12 bp: 1

Bases preceding removed adapters:
  A: 10.7%
  C: 45.0%
  G: 25.1%
  T: 19.2%
  none/other: 0.0%

Overview of removed sequences
length	count	expect	max.err	error counts
1	2882040	35326982.8	0	2882040
2	897032	8831745.7	0	897032
3	491434	2207936.4	0	491434
4	358249	551984.1	0	358249
5	331282	137996.0	0	331282
6	349697	34499.0	0	349697
7	324400	8624.8	0	324400
8	350849	2156.2	0	350849
9	369666	539.0	0	369529 137
10	358062	134.8	1	351386 6676
11	390218	33.7	1	379669 10549
12	380449	8.4	1	372914 7535
13	416804	8.4	1	402900 13904
14	407396	8.4	1	397325 10071
15	444720	8.4	1	426650 18070
16	514767	8.4	1	493696 21071
17	370208	8.4	1	363152 7056
18	486723	8.4	1	470552 16171
19	473112	8.4	1	460083 13029
20	451021	8.4	1	437513 13508
21	641481	8.4	1	614210 27271
22	389735	8.4	1	380762 8973
23	554016	8.4	1	538249 15767
24	470622	8.4	1	461671 8951
25	544530	8.4	1	528769 15761
26	563141	8.4	1	546109 17032
27	625330	8.4	1	594094 31236
28	591859	8.4	1	572450 19409
29	713733	8.4	1	680092 33641
30	542718	8.4	1	528846 13872
31	676389	8.4	1	651969 24420
32	632694	8.4	1	614966 17728
33	695620	8.4	1	672547 23073
34	674625	8.4	1	655157 19468
35	766076	8.4	1	733059 33017
36	676252	8.4	1	658957 17295
37	753904	8.4	1	726847 27057
38	939332	8.4	1	899946 39386
39	618122	8.4	1	601357 16765
40	816862	8.4	1	787303 29559
41	888170	8.4	1	854884 33286
42	860538	8.4	1	830052 30486
43	906182	8.4	1	874725 31457
44	1505315	8.4	1	1437733 67582
45	795741	8.4	1	771614 24127
46	2238354	8.4	1	2181008 57346
47	471502	8.4	1	451311 20191
48	2153656	8.4	1	2114336 39320
49	1421058	8.4	1	1384511 36547
50	506660	8.4	1	483160 23500
51	1151659	8.4	1	1130283 21376
52	431742	8.4	1	412027 19715
53	1210790	8.4	1	1190536 20254
54	551611	8.4	1	537671 13940
55	569371	8.4	1	557556 11815
56	1204165	8.4	1	1186267 17898
57	717280	8.4	1	701446 15834
58	1028490	8.4	1	1008690 19800
59	1621259	8.4	1	1591876 29383
60	797035	8.4	1	775299 21736
61	1158868	8.4	1	1132082 26786
62	1410855	8.4	1	1383363 27492
63	1027912	8.4	1	1004753 23159
64	1244948	8.4	1	1216485 28463
65	1677804	8.4	1	1631706 46098
66	2024947	8.4	1	1974809 50138
67	4535989	8.4	1	4455089 80900
68	4477791	8.4	1	4408722 69069
69	1566257	8.4	1	1536857 29400
70	411678	8.4	1	399405 12273
71	159814	8.4	1	151964 7850
72	80748	8.4	1	74255 6493
73	95081	8.4	1	86880 8201
74	295420	8.4	1	282097 13323
75	773256	8.4	1	752899 20357
76	1251300	8.4	1	1224389 26911
77	1457706	8.4	1	1428828 28878
78	1599528	8.4	1	1568872 30656
79	1687066	8.4	1	1654790 32276
80	1770487	8.4	1	1739706 30781
81	1855602	8.4	1	1821977 33625
82	1885805	8.4	1	1855855 29950
83	1885380	8.4	1	1855466 29914
84	1915345	8.4	1	1887003 28342
85	1901341	8.4	1	1872737 28604
86	1947477	8.4	1	1917374 30103
87	1927245	8.4	1	1897520 29725
88	1996508	8.4	1	1967440 29068
89	2092120	8.4	1	2060580 31540
90	2177788	8.4	1	2144507 33281
91	2290549	8.4	1	2253492 37057
92	2330568	8.4	1	2291313 39255
93	2334130	8.4	1	2294616 39514
94	2305307	8.4	1	2266940 38367
95	2204995	8.4	1	2161924 43071
96	2190996	8.4	1	2145231 45765
97	2109249	8.4	1	2064939 44310
98	2084833	8.4	1	2040205 44628
99	2132219	8.4	1	2085419 46800
100	2170183	8.4	1	2123003 47180
101	2202067	8.4	1	2153314 48753
102	2210849	8.4	1	2163969 46880
103	2163838	8.4	1	2119513 44325
104	2048633	8.4	1	2008324 40309
105	1778128	8.4	1	1742013 36115
106	1539494	8.4	1	1508654 30840
107	1252531	8.4	1	1230409 22122
108	1052662	8.4	1	1035651 17011
109	907080	8.4	1	892133 14947
110	777089	8.4	1	765210 11879
111	669607	8.4	1	659512 10095
112	562054	8.4	1	553423 8631
113	463902	8.4	1	456396 7506
114	353877	8.4	1	347951 5926
115	189299	8.4	1	186287 3012
116	104999	8.4	1	103123 1876
117	77209	8.4	1	75744 1465
118	50374	8.4	1	49257 1117
119	30917	8.4	1	29777 1140
120	23001	8.4	1	22256 745
121	18638	8.4	1	17980 658
122	11509	8.4	1	11015 494
123	5241	8.4	1	4819 422
124	2170	8.4	1	1852 318
125	989	8.4	1	345 644
126	880	8.4	1	348 532
127	722	8.4	1	192 530
128	314	8.4	1	135 179
129	1117	8.4	1	719 398
130	456	8.4	1	160 296
131	602	8.4	1	72 530
132	398	8.4	1	115 283
133	344	8.4	1	45 299
134	431	8.4	1	53 378
135	313	8.4	1	51 262
136	389	8.4	1	67 322
137	1553	8.4	1	193 1360
138	458	8.4	1	94 364
139	277	8.4	1	71 206
140	303	8.4	1	75 228
141	600	8.4	1	171 429
142	1200	8.4	1	108 1092
143	318	8.4	1	69 249
144	260	8.4	1	104 156
145	344	8.4	1	237 107
146	1259	8.4	1	1092 167
147	1473	8.4	1	440 1033
148	502	8.4	1	124 378
149	657	8.4	1	490 167
150	8471	8.4	1	7972 499

RUN STATISTICS FOR INPUT FILE: DATA/POL2/TG2_R1_001.fastq.gz
=============================================
141307931 sequences processed in total

