
SUMMARISING RUN PARAMETERS
==========================
Input filename: DATA/POL2/TG3_R1_001.fastq.gz
Trimming mode: paired-end
Trim Galore version: 0.6.10
Cutadapt version: 4.9
Python version: could not detect
Number of cores used for trimming: 16
Quality Phred score cutoff: 20
Quality encoding type selected: ASCII+33
Using Nextera adapter for trimming (count: 966404). Second best hit was Illumina (count: 6)
Adapter sequence: 'CTGTCTCTTATA' (Nextera Transposase sequence; auto-detected)
Maximum trimming error rate: 0.1 (default)
Minimum required adapter overlap (stringency): 1 bp
Minimum required sequence length for both reads before a sequence pair gets removed: 20 bp
Running FastQC on the data once trimming has completed
Output file will be GZIP compressed


This is cutadapt 4.9 with Python 3.11.8
Command line parameters: -j 16 -e 0.1 -q 20 -O 1 -a CTGTCTCTTATA DATA/POL2/TG3_R1_001.fastq.gz
Processing single-end reads on 16 cores ...
Finished in 204.902 s (1.816 µs/read; 33.04 M reads/minute).

=== Summary ===

Total reads processed:             112,829,098
Reads with adapters:               111,221,884 (98.6%)
Reads written (passing filters):   112,829,098 (100.0%)

Total basepairs processed: 16,924,364,700 bp
Quality-trimmed:             101,173,127 bp (0.6%)
Total written (filtered):  7,443,297,574 bp (44.0%)

=== Adapter 1 ===

Sequence: CTGTCTCTTATA; Type: regular 3'; Length: 12; Trimmed: 111221884 times

Minimum overlap: 1
No. of allowed errors:
1-9 bp: 0; 10-12 bp: 1

Bases preceding removed adapters:
  A: 10.6%
  C: 43.4%
  G: 24.6%
  T: 21.3%
  none/other: 0.1%

Overview of removed sequences
length	count	expect	max.err	error counts
1	351745	28207274.5	0	351745
2	125304	7051818.6	0	125304
3	62666	1762954.7	0	62666
4	51877	440738.7	0	51877
5	48860	110184.7	0	48860
6	53233	27546.2	0	53233
7	47583	6886.5	0	47583
8	52512	1721.6	0	52512
9	57936	430.4	0	57908 28
10	57379	107.6	1	56221 1158
11	64383	26.9	1	62528 1855
12	64600	6.7	1	63370 1230
13	73646	6.7	1	71272 2374
14	72565	6.7	1	70740 1825
15	80172	6.7	1	77053 3119
16	86193	6.7	1	83059 3134
17	74687	6.7	1	72862 1825
18	93516	6.7	1	89915 3601
19	105297	6.7	1	101397 3900
20	83464	6.7	1	80926 2538
21	123935	6.7	1	118656 5279
22	90003	6.7	1	87769 2234
23	122051	6.7	1	118671 3380
24	108067	6.7	1	105950 2117
25	128813	6.7	1	125191 3622
26	126720	6.7	1	123482 3238
27	143958	6.7	1	137422 6536
28	139489	6.7	1	135568 3921
29	167692	6.7	1	159917 7775
30	145040	6.7	1	141207 3833
31	169063	6.7	1	164216 4847
32	171104	6.7	1	167142 3962
33	183661	6.7	1	179454 4207
34	205789	6.7	1	199267 6522
35	216495	6.7	1	209106 7389
36	209013	6.7	1	204064 4949
37	212838	6.7	1	208073 4765
38	239753	6.7	1	231899 7854
39	253952	6.7	1	245747 8205
40	257603	6.7	1	249852 7751
41	284455	6.7	1	275753 8702
42	342805	6.7	1	328611 14194
43	334612	6.7	1	321991 12621
44	541640	6.7	1	517635 24005
45	337280	6.7	1	326662 10618
46	704472	6.7	1	684957 19515
47	238949	6.7	1	229492 9457
48	1053334	6.7	1	1036463 16871
49	520002	6.7	1	506866 13136
50	396569	6.7	1	384745 11824
51	318621	6.7	1	309295 9326
52	287530	6.7	1	276726 10804
53	400236	6.7	1	390786 9450
54	496651	6.7	1	488772 7879
55	418972	6.7	1	412635 6337
56	506232	6.7	1	499193 7039
57	522613	6.7	1	515306 7307
58	572824	6.7	1	564872 7952
59	687253	6.7	1	676212 11041
60	602151	6.7	1	592268 9883
61	673269	6.7	1	662002 11267
62	747822	6.7	1	736106 11716
63	737294	6.7	1	725870 11424
64	799213	6.7	1	785642 13571
65	934403	6.7	1	915979 18424
66	1108737	6.7	1	1086255 22482
67	1699164	6.7	1	1666653 32511
68	3235938	6.7	1	3189608 46330
69	2846453	6.7	1	2808128 38325
70	1169037	6.7	1	1150722 18315
71	491876	6.7	1	482391 9485
72	234849	6.7	1	229185 5664
73	123314	6.7	1	118275 5039
74	146609	6.7	1	140099 6510
75	416729	6.7	1	406194 10535
76	878477	6.7	1	863187 15290
77	1169299	6.7	1	1151534 17765
78	1352688	6.7	1	1333136 19552
79	1458624	6.7	1	1438077 20547
80	1569036	6.7	1	1549296 19740
81	1669707	6.7	1	1648080 21627
82	1736174	6.7	1	1717146 19028
83	1810444	6.7	1	1790758 19686
84	1909517	6.7	1	1890615 18902
85	1993883	6.7	1	1973197 20686
86	2119074	6.7	1	2096625 22449
87	2129435	6.7	1	2107037 22398
88	2170656	6.7	1	2148747 21909
89	2249315	6.7	1	2226178 23137
90	2365681	6.7	1	2340810 24871
91	2476720	6.7	1	2447509 29211
92	2563220	6.7	1	2531371 31849
93	2667635	6.7	1	2634212 33423
94	2742970	6.7	1	2708941 34029
95	2796629	6.7	1	2754257 42372
96	2892202	6.7	1	2845367 46835
97	2857044	6.7	1	2809934 47110
98	2822084	6.7	1	2774741 47343
99	2819211	6.7	1	2771200 48011
100	2864670	6.7	1	2815906 48764
101	2899506	6.7	1	2849662 49844
102	2951794	6.7	1	2902961 48833
103	3035797	6.7	1	2987489 48308
104	2964212	6.7	1	2919240 44972
105	2737416	6.7	1	2695157 42259
106	2440245	6.7	1	2403631 36614
107	2073429	6.7	1	2047137 26292
108	1759780	6.7	1	1740967 18813
109	1470126	6.7	1	1453720 16406
110	1217213	6.7	1	1204327 12886
111	987437	6.7	1	977253 10184
112	776471	6.7	1	768558 7913
113	593466	6.7	1	587264 6202
114	424614	6.7	1	419418 5196
115	222850	6.7	1	220253 2597
116	132162	6.7	1	130445 1717
117	106598	6.7	1	104955 1643
118	73322	6.7	1	71823 1499
119	48014	6.7	1	46634 1380
120	36118	6.7	1	35202 916
121	32337	6.7	1	31331 1006
122	21362	6.7	1	20719 643
123	11387	6.7	1	10619 768
124	4437	6.7	1	4094 343
125	2668	6.7	1	1652 1016
126	1169	6.7	1	595 574
127	1373	6.7	1	383 990
128	624	6.7	1	216 408
129	841	6.7	1	217 624
130	959	6.7	1	160 799
131	879	6.7	1	130 749
132	366	6.7	1	59 307
133	606	6.7	1	61 545
134	519	6.7	1	39 480
135	454	6.7	1	56 398
136	335	6.7	1	35 300
137	2037	6.7	1	154 1883
138	624	6.7	1	131 493
139	266	6.7	1	109 157
140	425	6.7	1	76 349
141	673	6.7	1	150 523
142	1534	6.7	1	216 1318
143	333	6.7	1	72 261
144	570	6.7	1	247 323
145	605	6.7	1	360 245
146	1221	6.7	1	1031 190
147	2050	6.7	1	628 1422
148	649	6.7	1	256 393
149	2343	6.7	1	1975 368
150	38708	6.7	1	37975 733

RUN STATISTICS FOR INPUT FILE: DATA/POL2/TG3_R1_001.fastq.gz
=============================================
112829098 sequences processed in total

