
SUMMARISING RUN PARAMETERS
==========================
Input filename: DATA/POL2/TG3_R2_001.fastq.gz
Trimming mode: paired-end
Trim Galore version: 0.6.10
Cutadapt version: 4.9
Python version: could not detect
Number of cores used for trimming: 16
Quality Phred score cutoff: 20
Quality encoding type selected: ASCII+33
Using Nextera adapter for trimming (count: 966404). Second best hit was Illumina (count: 6)
Adapter sequence: 'CTGTCTCTTATA' (Nextera Transposase sequence; auto-detected)
Maximum trimming error rate: 0.1 (default)
Minimum required adapter overlap (stringency): 1 bp
Minimum required sequence length for both reads before a sequence pair gets removed: 20 bp
Running FastQC on the data once trimming has completed
Output file will be GZIP compressed


This is cutadapt 4.9 with Python 3.11.8
Command line parameters: -j 16 -e 0.1 -q 20 -O 1 -a CTGTCTCTTATA DATA/POL2/TG3_R2_001.fastq.gz
Processing single-end reads on 16 cores ...
Finished in 195.218 s (1.730 µs/read; 34.68 M reads/minute).

=== Summary ===

Total reads processed:             112,829,098
Reads with adapters:               110,547,841 (98.0%)
Reads written (passing filters):   112,829,098 (100.0%)

Total basepairs processed: 16,924,364,700 bp
Quality-trimmed:              56,593,752 bp (0.3%)
Total written (filtered):  7,498,860,258 bp (44.3%)

=== Adapter 1 ===

Sequence: CTGTCTCTTATA; Type: regular 3'; Length: 12; Trimmed: 110547841 times

Minimum overlap: 1
No. of allowed errors:
1-9 bp: 0; 10-12 bp: 1

Bases preceding removed adapters:
  A: 10.6%
  C: 44.2%
  G: 24.3%
  T: 20.8%
  none/other: 0.1%

Overview of removed sequences
length	count	expect	max.err	error counts
1	454628	28207274.5	0	454628
2	144502	7051818.6	0	144502
3	66104	1762954.7	0	66104
4	50921	440738.7	0	50921
5	48677	110184.7	0	48677
6	50686	27546.2	0	50686
7	49275	6886.5	0	49275
8	51700	1721.6	0	51700
9	59005	430.4	0	58983 22
10	55640	107.6	1	54459 1181
11	65896	26.9	1	63353 2543
12	64017	6.7	1	62593 1424
13	73139	6.7	1	70390 2749
14	70934	6.7	1	69253 1681
15	78615	6.7	1	75508 3107
16	77376	6.7	1	75122 2254
17	78250	6.7	1	76001 2249
18	88023	6.7	1	84346 3677
19	94472	6.7	1	89890 4582
20	94382	6.7	1	91550 2832
21	97673	6.7	1	95108 2565
22	111052	6.7	1	106609 4443
23	114349	6.7	1	111721 2628
24	118764	6.7	1	115170 3594
25	131380	6.7	1	126181 5199
26	125131	6.7	1	122117 3014
27	133986	6.7	1	130111 3875
28	145873	6.7	1	139043 6830
29	143941	6.7	1	139561 4380
30	151419	6.7	1	147108 4311
31	165317	6.7	1	159095 6222
32	171501	6.7	1	167092 4409
33	181389	6.7	1	176385 5004
34	189321	6.7	1	184918 4403
35	199264	6.7	1	193627 5637
36	202352	6.7	1	197729 4623
37	219575	6.7	1	212687 6888
38	221592	6.7	1	215713 5879
39	232414	6.7	1	226731 5683
40	238861	6.7	1	233576 5285
41	262795	6.7	1	256250 6545
42	277043	6.7	1	270284 6759
43	304423	6.7	1	295136 9287
44	330020	6.7	1	318581 11439
45	329190	6.7	1	321018 8172
46	332295	6.7	1	325458 6837
47	359260	6.7	1	349170 10090
48	370569	6.7	1	360989 9580
49	384599	6.7	1	375200 9399
50	427859	6.7	1	414175 13684
51	420014	6.7	1	409171 10843
52	454757	6.7	1	443795 10962
53	524924	6.7	1	512376 12548
54	476707	6.7	1	465739 10968
55	522875	6.7	1	512323 10552
56	562406	6.7	1	549167 13239
57	561044	6.7	1	549853 11191
58	598054	6.7	1	584486 13568
59	645313	6.7	1	629158 16155
60	636376	6.7	1	623504 12872
61	695480	6.7	1	681091 14389
62	793765	6.7	1	771167 22598
63	814409	6.7	1	794622 19787
64	855513	6.7	1	834973 20540
65	994528	6.7	1	969636 24892
66	1070873	6.7	1	1050542 20331
67	1543587	6.7	1	1527086 16501
68	316590	6.7	1	309540 7050
69	821006	6.7	1	810231 10775
70	983970	6.7	1	971637 12333
71	1057002	6.7	1	1043283 13719
72	1113608	6.7	1	1099255 14353
73	1170349	6.7	1	1154965 15384
74	1253170	6.7	1	1236791 16379
75	1321384	6.7	1	1302903 18481
76	1428153	6.7	1	1407802 20351
77	1424453	6.7	1	1404151 20302
78	1475749	6.7	1	1454678 21071
79	1524647	6.7	1	1502776 21871
80	1608035	6.7	1	1585806 22229
81	1692885	6.7	1	1669223 23662
82	1749646	6.7	1	1725671 23975
83	1818301	6.7	1	1793569 24732
84	1913798	6.7	1	1888662 25136
85	1993296	6.7	1	1967761 25535
86	2116287	6.7	1	2087939 28348
87	2124163	6.7	1	2097425 26738
88	2162738	6.7	1	2133950 28788
89	2237748	6.7	1	2207796 29952
90	2352957	6.7	1	2322442 30515
91	2462117	6.7	1	2429217 32900
92	2548736	6.7	1	2511688 37048
93	2651824	6.7	1	2612199 39625
94	2726362	6.7	1	2686974 39388
95	2779570	6.7	1	2739857 39713
96	2874335	6.7	1	2832483 41852
97	2838370	6.7	1	2798160 40210
98	2802993	6.7	1	2762132 40861
99	2801333	6.7	1	2760026 41307
100	2845524	6.7	1	2808163 37361
101	2879845	6.7	1	2843188 36657
102	2931286	6.7	1	2895395 35891
103	3013454	6.7	1	2975425 38029
104	2939686	6.7	1	2903271 36415
105	2715397	6.7	1	2681088 34309
106	2420468	6.7	1	2389113 31355
107	2057084	6.7	1	2030980 26104
108	1747011	6.7	1	1724185 22826
109	1460528	6.7	1	1440495 20033
110	1209265	6.7	1	1192867 16398
111	981985	6.7	1	968370 13615
112	773313	6.7	1	762022 11291
113	592225	6.7	1	583556 8669
114	424005	6.7	1	417307 6698
115	222844	6.7	1	219315 3529
116	132093	6.7	1	130055 2038
117	106714	6.7	1	104730 1984
118	73396	6.7	1	71962 1434
119	48110	6.7	1	46663 1447
120	36106	6.7	1	35252 854
121	32269	6.7	1	31370 899
122	21570	6.7	1	20883 687
123	11396	6.7	1	10658 738
124	4806	6.7	1	4190 616
125	2545	6.7	1	1678 867
126	1168	6.7	1	576 592
127	1080	6.7	1	372 708
128	642	6.7	1	208 434
129	973	6.7	1	212 761
130	677	6.7	1	125 552
131	582	6.7	1	138 444
132	565	6.7	1	48 517
133	394	6.7	1	54 340
134	363	6.7	1	22 341
135	462	6.7	1	41 421
136	253	6.7	1	23 230
137	2081	6.7	1	136 1945
138	764	6.7	1	140 624
139	471	6.7	1	93 378
140	545	6.7	1	26 519
141	505	6.7	1	82 423
142	1657	6.7	1	159 1498
143	248	6.7	1	5 243
144	523	6.7	1	201 322
145	422	6.7	1	266 156
146	1154	6.7	1	961 193
147	1685	6.7	1	497 1188
148	572	6.7	1	28 544
149	657	6.7	1	503 154
150	40824	6.7	1	39797 1027

RUN STATISTICS FOR INPUT FILE: DATA/POL2/TG3_R2_001.fastq.gz
=============================================
112829098 sequences processed in total

Total number of sequences analysed for the sequence pair length validation: 112829098

Number of sequence pairs removed because at least one read was shorter than the length cutoff (20 bp): 83163 (0.07%)
