
SUMMARISING RUN PARAMETERS
==========================
Input filename: DATA/POL2/TM3_R1_001.fastq.gz
Trimming mode: paired-end
Trim Galore version: 0.6.10
Cutadapt version: 4.9
Python version: could not detect
Number of cores used for trimming: 16
Quality Phred score cutoff: 20
Quality encoding type selected: ASCII+33
Using Nextera adapter for trimming (count: 802428). Second best hit was Illumina (count: 5)
Adapter sequence: 'CTGTCTCTTATA' (Nextera Transposase sequence; auto-detected)
Maximum trimming error rate: 0.1 (default)
Minimum required adapter overlap (stringency): 1 bp
Minimum required sequence length for both reads before a sequence pair gets removed: 20 bp
Running FastQC on the data once trimming has completed
Output file will be GZIP compressed


This is cutadapt 4.9 with Python 3.11.8
Command line parameters: -j 16 -e 0.1 -q 20 -O 1 -a CTGTCTCTTATA DATA/POL2/TM3_R1_001.fastq.gz
Processing single-end reads on 16 cores ...
Finished in 407.498 s (3.248 µs/read; 18.47 M reads/minute).

=== Summary ===

Total reads processed:             125,467,553
Reads with adapters:               112,037,414 (89.3%)
Reads written (passing filters):   125,467,553 (100.0%)

Total basepairs processed: 18,820,132,950 bp
Quality-trimmed:             125,743,645 bp (0.7%)
Total written (filtered):  11,725,436,658 bp (62.3%)

=== Adapter 1 ===

Sequence: CTGTCTCTTATA; Type: regular 3'; Length: 12; Trimmed: 112037414 times

Minimum overlap: 1
No. of allowed errors:
1-9 bp: 0; 10-12 bp: 1

Bases preceding removed adapters:
  A: 10.5%
  C: 44.3%
  G: 24.9%
  T: 20.3%
  none/other: 0.0%

Overview of removed sequences
length	count	expect	max.err	error counts
1	5196796	31366888.2	0	5196796
2	1533286	7841722.1	0	1533286
3	772518	1960430.5	0	772518
4	512501	490107.6	0	512501
5	449360	122526.9	0	449360
6	469564	30631.7	0	469564
7	428332	7657.9	0	428332
8	459336	1914.5	0	459336
9	485725	478.6	0	485412 313
10	469664	119.7	1	461621 8043
11	499003	29.9	1	486966 12037
12	480308	7.5	1	471708 8600
13	525556	7.5	1	510676 14880
14	511761	7.5	1	500283 11478
15	544830	7.5	1	526617 18213
16	583507	7.5	1	564226 19281
17	497374	7.5	1	487305 10069
18	593486	7.5	1	572693 20793
19	643612	7.5	1	624378 19234
20	481968	7.5	1	469175 12793
21	697072	7.5	1	672644 24428
22	463123	7.5	1	454181 8942
23	632290	7.5	1	616028 16262
24	542552	7.5	1	533292 9260
25	638000	7.5	1	619998 18002
26	620864	7.5	1	605652 15212
27	691418	7.5	1	663359 28059
28	627876	7.5	1	613053 14823
29	780073	7.5	1	748041 32032
30	603858	7.5	1	590942 12916
31	719367	7.5	1	698336 21031
32	660610	7.5	1	646349 14261
33	706063	7.5	1	687995 18068
34	738729	7.5	1	717464 21265
35	729476	7.5	1	708279 21197
36	767975	7.5	1	744206 23769
37	741127	7.5	1	722480 18647
38	757195	7.5	1	737569 19626
39	784888	7.5	1	764747 20141
40	783658	7.5	1	762071 21587
41	850469	7.5	1	822432 28037
42	841895	7.5	1	814606 27289
43	854115	7.5	1	830466 23649
44	1421344	7.5	1	1370916 50428
45	646033	7.5	1	628657 17376
46	1542762	7.5	1	1504360 38402
47	449908	7.5	1	434229 15679
48	1403017	7.5	1	1377246 25771
49	1702464	7.5	1	1674358 28106
50	1418642	7.5	1	1391542 27100
51	620113	7.5	1	601340 18773
52	731702	7.5	1	709272 22430
53	555209	7.5	1	537126 18083
54	826032	7.5	1	812034 13998
55	542006	7.5	1	530858 11148
56	639850	7.5	1	628476 11374
57	816304	7.5	1	803979 12325
58	903846	7.5	1	889890 13956
59	1027921	7.5	1	1010078 17843
60	971500	7.5	1	953744 17756
61	1039388	7.5	1	1019190 20198
62	1026547	7.5	1	1007854 18693
63	1011100	7.5	1	992834 18266
64	1032339	7.5	1	1011918 20421
65	1140892	7.5	1	1114508 26384
66	1268857	7.5	1	1239479 29378
67	1586521	7.5	1	1550210 36311
68	2611928	7.5	1	2563700 48228
69	3062963	7.5	1	3015808 47155
70	1870233	7.5	1	1841066 29167
71	941779	7.5	1	925081 16698
72	506905	7.5	1	496804 10101
73	282087	7.5	1	274180 7907
74	170252	7.5	1	162226 8026
75	260943	7.5	1	250925 10018
76	547561	7.5	1	534117 13444
77	831285	7.5	1	815719 15566
78	1032062	7.5	1	1014214 17848
79	1152918	7.5	1	1133404 19514
80	1235315	7.5	1	1217009 18306
81	1297977	7.5	1	1278236 19741
82	1310860	7.5	1	1293336 17524
83	1284608	7.5	1	1266963 17645
84	1307639	7.5	1	1291281 16358
85	1277076	7.5	1	1261253 15823
86	1315733	7.5	1	1298735 16998
87	1293028	7.5	1	1276369 16659
88	1288411	7.5	1	1272546 15865
89	1378568	7.5	1	1361043 17525
90	1400447	7.5	1	1382539 17908
91	1460865	7.5	1	1440172 20693
92	1467144	7.5	1	1445966 21178
93	1474511	7.5	1	1453448 21063
94	1421045	7.5	1	1400774 20271
95	1375869	7.5	1	1351743 24126
96	1364059	7.5	1	1338717 25342
97	1319973	7.5	1	1295118 24855
98	1315602	7.5	1	1290336 25266
99	1337383	7.5	1	1311204 26179
100	1364221	7.5	1	1337069 27152
101	1404645	7.5	1	1377507 27138
102	1429011	7.5	1	1402060 26951
103	1473742	7.5	1	1447358 26384
104	1461222	7.5	1	1436538 24684
105	1331653	7.5	1	1308521 23132
106	1207465	7.5	1	1186055 21410
107	1046601	7.5	1	1030866 15735
108	910476	7.5	1	898450 12026
109	819368	7.5	1	808430 10938
110	683528	7.5	1	675160 8368
111	580512	7.5	1	573672 6840
112	439195	7.5	1	433588 5607
113	331067	7.5	1	326897 4170
114	227918	7.5	1	224289 3629
115	118133	7.5	1	116340 1793
116	69711	7.5	1	68747 964
117	57869	7.5	1	56854 1015
118	42092	7.5	1	41069 1023
119	29551	7.5	1	28568 983
120	26525	7.5	1	25843 682
121	25356	7.5	1	24526 830
122	16320	7.5	1	15803 517
123	8416	7.5	1	7887 529
124	3230	7.5	1	2830 400
125	1246	7.5	1	480 766
126	758	7.5	1	405 353
127	1053	7.5	1	273 780
128	408	7.5	1	155 253
129	553	7.5	1	61 492
130	487	7.5	1	17 470
131	943	7.5	1	168 775
132	735	7.5	1	10 725
133	516	7.5	1	43 473
134	679	7.5	1	21 658
135	593	7.5	1	125 468
136	562	7.5	1	79 483
137	2176	7.5	1	22 2154
138	497	7.5	1	20 477
139	456	7.5	1	110 346
140	281	7.5	1	22 259
141	466	7.5	1	29 437
142	1729	7.5	1	118 1611
143	310	7.5	1	34 276
144	376	7.5	1	38 338
145	140	7.5	1	44 96
146	331	7.5	1	180 151
147	1571	7.5	1	254 1317
148	469	7.5	1	115 354
149	1113	7.5	1	948 165
150	18633	7.5	1	17964 669

RUN STATISTICS FOR INPUT FILE: DATA/POL2/TM3_R1_001.fastq.gz
=============================================
125467553 sequences processed in total

