
SUMMARISING RUN PARAMETERS
==========================
Input filename: DATA/POL2/TM3_R2_001.fastq.gz
Trimming mode: paired-end
Trim Galore version: 0.6.10
Cutadapt version: 4.9
Python version: could not detect
Number of cores used for trimming: 16
Quality Phred score cutoff: 20
Quality encoding type selected: ASCII+33
Using Nextera adapter for trimming (count: 802428). Second best hit was Illumina (count: 5)
Adapter sequence: 'CTGTCTCTTATA' (Nextera Transposase sequence; auto-detected)
Maximum trimming error rate: 0.1 (default)
Minimum required adapter overlap (stringency): 1 bp
Minimum required sequence length for both reads before a sequence pair gets removed: 20 bp
Running FastQC on the data once trimming has completed
Output file will be GZIP compressed


This is cutadapt 4.9 with Python 3.11.8
Command line parameters: -j 16 -e 0.1 -q 20 -O 1 -a CTGTCTCTTATA DATA/POL2/TM3_R2_001.fastq.gz
Processing single-end reads on 16 cores ...
Finished in 384.466 s (3.064 µs/read; 19.58 M reads/minute).

=== Summary ===

Total reads processed:             125,467,553
Reads with adapters:               111,495,094 (88.9%)
Reads written (passing filters):   125,467,553 (100.0%)

Total basepairs processed: 18,820,132,950 bp
Quality-trimmed:              65,219,412 bp (0.3%)
Total written (filtered):  11,763,084,971 bp (62.5%)

=== Adapter 1 ===

Sequence: CTGTCTCTTATA; Type: regular 3'; Length: 12; Trimmed: 111495094 times

Minimum overlap: 1
No. of allowed errors:
1-9 bp: 0; 10-12 bp: 1

Bases preceding removed adapters:
  A: 10.4%
  C: 44.5%
  G: 24.9%
  T: 20.2%
  none/other: 0.0%

Overview of removed sequences
length	count	expect	max.err	error counts
1	5285662	31366888.2	0	5285662
2	1547859	7841722.1	0	1547859
3	798037	1960430.5	0	798037
4	505202	490107.6	0	505202
5	448482	122526.9	0	448482
6	450999	30631.7	0	450999
7	437542	7657.9	0	437542
8	452324	1914.5	0	452324
9	490375	478.6	0	490123 252
10	457098	119.7	1	450305 6793
11	506544	29.9	1	490812 15732
12	478898	7.5	1	470147 8751
13	518908	7.5	1	503482 15426
14	503353	7.5	1	492932 10421
15	534183	7.5	1	517072 17111
16	529578	7.5	1	516999 12579
17	525251	7.5	1	512892 12359
18	554426	7.5	1	537781 16645
19	569244	7.5	1	549549 19695
20	552430	7.5	1	539569 12861
21	556093	7.5	1	543397 12696
22	596369	7.5	1	577665 18704
23	586086	7.5	1	574233 11853
24	607427	7.5	1	591620 15807
25	639531	7.5	1	620380 19151
26	615080	7.5	1	602292 12788
27	650698	7.5	1	634349 16349
28	657308	7.5	1	633489 23819
29	658942	7.5	1	642323 16619
30	660376	7.5	1	643664 16712
31	694283	7.5	1	673102 21181
32	674557	7.5	1	658942 15615
33	695847	7.5	1	678309 17538
34	703593	7.5	1	688288 15305
35	708308	7.5	1	688391 19917
36	711343	7.5	1	695270 16073
37	747278	7.5	1	725313 21965
38	752653	7.5	1	733773 18880
39	761084	7.5	1	743244 17840
40	746897	7.5	1	730482 16415
41	780122	7.5	1	761040 19082
42	788110	7.5	1	769686 18424
43	832612	7.5	1	810181 22431
44	840208	7.5	1	814559 25649
45	827887	7.5	1	809543 18344
46	825295	7.5	1	809609 15686
47	870048	7.5	1	847570 22478
48	869069	7.5	1	849156 19913
49	880295	7.5	1	861009 19286
50	930111	7.5	1	904505 25606
51	889767	7.5	1	869480 20287
52	914280	7.5	1	893962 20318
53	1000092	7.5	1	977208 22884
54	881691	7.5	1	862187 19504
55	944353	7.5	1	926053 18300
56	959214	7.5	1	937600 21614
57	967159	7.5	1	948625 18534
58	988969	7.5	1	966724 22245
59	1042913	7.5	1	1017743 25170
60	1010384	7.5	1	991217 19167
61	1056147	7.5	1	1034995 21152
62	1112530	7.5	1	1084097 28433
63	1086008	7.5	1	1062101 23907
64	1085500	7.5	1	1060834 24666
65	1212661	7.5	1	1183604 29057
66	1291683	7.5	1	1267925 23758
67	1818062	7.5	1	1797980 20082
68	368319	7.5	1	359884 8435
69	942916	7.5	1	930320 12596
70	1119692	7.5	1	1105103 14589
71	1152043	7.5	1	1136031 16012
72	1157473	7.5	1	1141426 16047
73	1155206	7.5	1	1139117 16089
74	1176889	7.5	1	1160412 16477
75	1167616	7.5	1	1150186 17430
76	1213949	7.5	1	1195722 18227
77	1204610	7.5	1	1186667 17943
78	1223986	7.5	1	1205443 18543
79	1253958	7.5	1	1235263 18695
80	1293323	7.5	1	1274696 18627
81	1333207	7.5	1	1313904 19303
82	1333469	7.5	1	1314206 19263
83	1298696	7.5	1	1280652 18044
84	1317623	7.5	1	1299874 17749
85	1282110	7.5	1	1264923 17187
86	1319801	7.5	1	1301348 18453
87	1294380	7.5	1	1277219 17161
88	1287374	7.5	1	1269347 18027
89	1375011	7.5	1	1356021 18990
90	1395873	7.5	1	1377151 18722
91	1455819	7.5	1	1434916 20903
92	1462038	7.5	1	1439952 22086
93	1469718	7.5	1	1446533 23185
94	1414795	7.5	1	1393707 21088
95	1369817	7.5	1	1349450 20367
96	1358537	7.5	1	1337331 21206
97	1314088	7.5	1	1294826 19262
98	1309688	7.5	1	1290136 19552
99	1331340	7.5	1	1310332 21008
100	1357879	7.5	1	1339402 18477
101	1397653	7.5	1	1378513 19140
102	1422054	7.5	1	1403990 18064
103	1465092	7.5	1	1446148 18944
104	1452225	7.5	1	1433381 18844
105	1323299	7.5	1	1306000 17299
106	1199395	7.5	1	1183128 16267
107	1040263	7.5	1	1026118 14145
108	904843	7.5	1	892500 12343
109	815013	7.5	1	803447 11566
110	680332	7.5	1	670614 9718
111	578549	7.5	1	570625 7924
112	437728	7.5	1	431359 6369
113	330239	7.5	1	325113 5126
114	227783	7.5	1	223870 3913
115	118142	7.5	1	116282 1860
116	69965	7.5	1	68786 1179
117	58005	7.5	1	56855 1150
118	41953	7.5	1	41165 788
119	29874	7.5	1	28640 1234
120	26717	7.5	1	25916 801
121	25525	7.5	1	24741 784
122	16635	7.5	1	16064 571
123	8500	7.5	1	7983 517
124	3255	7.5	1	2891 364
125	1063	7.5	1	399 664
126	726	7.5	1	408 318
127	1093	7.5	1	274 819
128	196	7.5	1	164 32
129	587	7.5	1	60 527
130	387	7.5	1	18 369
131	878	7.5	1	175 703
132	568	7.5	1	27 541
133	304	7.5	1	17 287
134	433	7.5	1	15 418
135	362	7.5	1	119 243
136	259	7.5	1	73 186
137	2319	7.5	1	18 2301
138	689	7.5	1	11 678
139	321	7.5	1	83 238
140	453	7.5	1	5 448
141	169	7.5	1	7 162
142	1293	7.5	1	59 1234
143	192	7.5	1	3 189
144	274	7.5	1	7 267
145	149	7.5	1	11 138
146	346	7.5	1	140 206
147	1706	7.5	1	187 1519
148	663	7.5	1	16 647
149	327	7.5	1	217 110
150	19737	7.5	1	19041 696

RUN STATISTICS FOR INPUT FILE: DATA/POL2/TM3_R2_001.fastq.gz
=============================================
125467553 sequences processed in total

Total number of sequences analysed for the sequence pair length validation: 125467553

Number of sequence pairs removed because at least one read was shorter than the length cutoff (20 bp): 70152 (0.06%)
